-1.108716321349759326e+01 1.743087875666092401e+01
-1.241754438631420854e+01 1.302979585804228080e+01
-1.289131673755164620e+01 1.605260499802936991e+01
-1.267798906340025056e+01 1.329938112967608532e+01
-1.109053511997460539e+01 1.225677412605296013e+01
-1.253663337225666297e+01 1.233482149584239274e+01
-1.288502676107771627e+01 1.602789318653070794e+01
-1.274233821924820553e+01 1.139633762868632161e+01
-1.271065903373951755e+01 1.873722500672775837e+01
-1.143962117616645280e+01 1.007014070252646043e+01
-1.292092579960218934e+01 1.072665097421455194e+01
-1.139873073808421289e+01 1.123208170868151967e+01
-1.105651253797484479e+01 1.287418539994452615e+01
-1.150808439622131374e+01 1.033518390530904973e+01
-1.241654018940124793e+01 1.303455825044251348e+01
-1.257642370140048982e+01 1.306613560393928530e+01
-1.161502419540533459e+01 1.051624897717625373e+01
-1.113987829493095560e+01 1.106571128538173454e+01
-1.118457440545504156e+01 1.009610743536196509e+01
-1.116695918473600635e+01 1.048095036937208668e+01
-1.225674131597405747e+01 1.244115561027899020e+01
-1.083067325586581298e+01 1.515146573938884522e+01
-1.277488728542231478e+01 1.267867386260237872e+01
-1.104426523235155244e+01 1.313986924906410181e+01
-1.273397654401343893e+01 1.152911996114951698e+01
-1.263765472423525438e+01 1.359814133895524790e+01
-1.251787555276491481e+01 1.334730127863563176e+01
-1.167515286468663938e+01 1.159584243519936386e+01
-1.251953106108827285e+01 1.176279854621849630e+01
-1.085892154983251601e+01 1.360172578045679082e+01
-1.124245706649950272e+01 1.694940704450618085e+01
-1.279533840666593925e+01 1.105083826363186894e+01
-1.284486479132726444e+01 1.703227368927596785e+01
-1.118222376807445606e+01 1.014710039710941381e+01
-1.148323992316044162e+01 1.031688145399418843e+01
-1.265709012757820595e+01 1.178526360640734438e+01
-1.117664996172017666e+01 1.044726126458215276e+01
-1.115044441668513642e+01 1.087171665648561714e+01
-1.295671766499877364e+01 1.047277273670819397e+01
-1.290251158074113036e+01 1.077418485129991588e+01
-1.273917300561914168e+01 1.147198523748527954e+01
-1.082986893156436459e+01 1.800846247240017561e+01
-1.294723623038281701e+01 1.046153477559600553e+01
-1.114741574919804279e+01 1.345329085924599433e+01
-1.100248148666614867e+01 1.265432439026770339e+01
-1.110572360195754094e+01 1.193768649752360744e+01
-1.095172391099240627e+01 1.768507167211576458e+01
-1.258270577618903197e+01 1.159972135216747802e+01
-1.278351350833096411e+01 1.330597772735594830e+01
-1.260621423052677059e+01 1.613451007025114947e+01
-1.293569479422588842e+01 1.896664208325572432e+01
-1.291261986418032848e+01 1.315914809124723384e+01
-1.169349280498324006e+01 1.646360221992054562e+01
-1.289926354501857375e+01 1.520120929117286757e+01
-1.268110146941356398e+01 1.623107997135317859e+01
-1.120529825490794806e+01 1.009905603769512616e+01
-1.117863632616347225e+01 1.040589758783369412e+01
-1.256573924660584751e+01 1.220203224018959176e+01
-1.171104527332196454e+01 1.032422559669554651e+01
-1.167288659937903361e+01 1.081815220028864388e+01
-1.279283091577546116e+01 1.125000377469044999e+01
-1.105838250840426085e+01 1.091714673017902548e+01
-1.284768666188061381e+01 1.091570814772617126e+01
-1.292356831788678129e+01 1.056951450661179592e+01
-1.272438722020929802e+01 1.157459721986115753e+01
-1.116203454189928301e+01 1.075467661500500505e+01
-1.279616106221264360e+01 1.115078255040135424e+01
-1.252808055289004407e+01 1.698841593116972248e+01
-1.276563578327293058e+01 1.323528754276552100e+01
-1.215616015840965858e+01 1.193295510071198606e+01
-1.098744379443651198e+01 1.274696463523711643e+01
-1.246124139800346242e+01 1.267878106988484710e+01
-1.160168127986794673e+01 1.101703412271391258e+01
-1.097597962357881940e+01 1.250822988092030741e+01
-1.089090068004675871e+01 1.646684465313508738e+01
-1.154733344648611215e+01 1.065096022967589384e+01
-1.085616017929727484e+01 1.184771168018428433e+01
-1.295496230837646934e+01 1.308302432606233623e+01
-1.233934761371068944e+01 1.222791834875200578e+01
-1.090943344958077432e+01 1.214138659118033914e+01
-1.178281782270487454e+01 1.174307352331401333e+01
-1.170934853211434046e+01 1.655100870405835067e+01
-1.088776887034275198e+01 1.202195815463729289e+01
-1.105736317312973682e+01 1.295686587686571478e+01
-1.149659850846368236e+01 1.298417647079013548e+01
-1.082864958595654770e+01 1.169605643154285524e+01
-1.159104182815223361e+01 1.627207474870503034e+01
-1.105088584093376625e+01 1.308974706148213230e+01
-1.091309479826491113e+01 1.501561758339283514e+01
-1.165031334905896188e+01 1.108103436519337492e+01
-1.162719737535057440e+01 1.142526033316250356e+01
-1.299618732737607907e+01 1.192314194104383773e+01
-1.084239186959120893e+01 1.177181232003654721e+01
-1.256334402348282531e+01 1.721358085407809924e+01
-1.137615886140213561e+01 1.471426306463177447e+01
-1.285564350970384417e+01 1.088404709913347190e+01
-1.286766990760474982e+01 1.082453891180490757e+01
-1.103613441019820485e+01 1.357647743043157007e+01
-1.284468080016036495e+01 1.318345609108000360e+01
-1.269358874249732416e+01 1.348610225342451585e+01
-1.082654243078957634e+01 1.385776904034334578e+01
-1.280812843482499908e+01 1.757763157166335333e+01
-1.299644617074688213e+01 1.621922054152850734e+01
-1.084397036328417485e+01 1.178051394455335732e+01
-1.237580489069941692e+01 1.213380869705702025e+01
-1.116285604605590365e+01 1.073741802303653436e+01
-1.146154255832978208e+01 1.629808363458203146e+01
-1.240927150354809783e+01 1.303832850069312599e+01
-1.172524827582195073e+01 1.014805465310694643e+01
-1.150213599106304585e+01 1.035951461762355663e+01
-1.286632127674898030e+01 1.326293755650353745e+01
-1.096826451525105028e+01 1.478857172095350414e+01
-1.099975963662685707e+01 1.263931988493549063e+01
-1.239672824172866328e+01 1.312851618619380289e+01
-1.105270955607725369e+01 1.293121228799415157e+01
-1.169938731371751572e+01 1.048567823648953734e+01
-1.258454873967111709e+01 1.211621799687297241e+01
-1.290084162411475255e+01 1.609002599670387923e+01
-1.110775104148451042e+01 1.176265579055169574e+01
-1.256885650673982369e+01 1.292328087372475132e+01
-1.107643879370486317e+01 1.244192017494489022e+01
-1.138150071046236533e+01 1.432578879187792964e+01
-1.163926140800539244e+01 1.121461699719482930e+01
-1.265095452438270840e+01 1.357150106721076632e+01
-1.257799941705746960e+01 1.355802619668375186e+01
-1.220182925158450615e+01 1.258290386139360884e+01
-1.106590868856702947e+01 1.300397399454100444e+01
-1.108943576693970812e+01 1.313366966763044097e+01
-1.085805868549626219e+01 1.414314794974151823e+01
-1.087148945441765591e+01 1.193221603823583621e+01
-1.251877705058232593e+01 1.241628710087408827e+01
-1.298578628891065989e+01 1.033491511952546027e+01
-1.299399161210369158e+01 1.301842618978040456e+01
-1.255114634115440175e+01 1.226860921463337561e+01
-1.273460623479068232e+01 1.120761035452686727e+01
-1.168892944473208750e+01 1.059854550834288567e+01
-1.284999309445290194e+01 1.317281525723506874e+01
-1.265987633727321970e+01 1.612723838867029968e+01
-1.257136541447939138e+01 1.229960073429636225e+01
-1.162819280461336113e+01 1.141203329300174474e+01
-1.256766691731696106e+01 1.231784146789935264e+01
-1.110070329999812166e+01 1.137035376447066426e+01
-1.268832518740565796e+01 1.174562099890709810e+01
-1.088801281655007536e+01 1.634595647336890778e+01
-1.254662535539387491e+01 1.378047844897016638e+01
-1.107518127120956741e+01 1.246919992342030348e+01
-1.117148913923586662e+01 1.037376427416023361e+01
-1.145246620519168879e+01 1.640175886569730679e+01
-1.283026685934001065e+01 1.321232805126780541e+01
-1.087856630048805862e+01 1.415030352360388477e+01
-1.143235355480909554e+01 1.002205027424969508e+01
-1.282384816980203723e+01 1.335043716511381184e+01
-1.154859870202162142e+01 1.079125365451215579e+01
-1.102984224248965717e+01 1.750385016008614514e+01
-1.155179931100535029e+01 1.070659549560515345e+01
-1.279973984063058445e+01 1.336208518120268529e+01
-1.165427954561431356e+01 1.102833529559620906e+01
-1.289299639203185954e+01 1.234422150420782138e+01
-1.157346690167289260e+01 1.085802327774645093e+01
-1.115892090948578819e+01 1.065261510832487524e+01
-1.112314655203704739e+01 1.157165598643619298e+01
-1.112093798250399068e+01 1.156988690601055403e+01
-1.290397020340647494e+01 1.065892666454309889e+01
-1.101136016278765695e+01 1.270326909379111591e+01
-1.086017269665350682e+01 1.508871764662377579e+01
-1.179909307628258475e+01 1.551324096229222782e+01
-1.210395295665636439e+01 1.516225615002657889e+01
-1.111285900948252348e+01 1.165184736944789456e+01
-1.289869456301136275e+01 1.096897684928586969e+01
-1.169038250123089107e+01 1.058567059150475309e+01
-1.275995655153887398e+01 1.252252024829805244e+01
-1.165285968218618251e+01 1.145142996552872816e+01
-1.089815519675209998e+01 1.504109698029880704e+01
-1.166383756277713601e+01 1.093839376342536518e+01
-1.294432658201925967e+01 1.053153730633652430e+01
-1.276240445056098949e+01 1.309005631314967388e+01
-1.298345685274807337e+01 1.026719410657533693e+01
-1.113218454021323467e+01 1.130377504871339234e+01
-1.278905703262896409e+01 1.122596064755901324e+01
-1.114658348241209573e+01 1.092025398449829510e+01
-1.294189758238360710e+01 1.257011875197753170e+01
-1.275213216552103468e+01 1.757021873414737456e+01
-1.104389681635905340e+01 1.339280626864483992e+01
-1.101854728887442292e+01 1.274288893696227554e+01
-1.260223522232702464e+01 1.203552724562399945e+01
-1.285895546619268259e+01 1.086806292860242174e+01
-1.114375289168459382e+01 1.343309894407862259e+01
-1.115198072181768474e+01 1.080317032675332101e+01
-1.116048362298380070e+01 1.575215803548104887e+01
-1.087892552305737937e+01 1.433209664942686956e+01
-1.097800627309390187e+01 1.257230161439760074e+01
-1.298180285676571444e+01 1.030383202003722332e+01
-1.086696911850951430e+01 1.190729717670487098e+01
-1.093863657227618269e+01 1.230237209878560911e+01
-1.170457614552626779e+01 1.039706863841677098e+01
-1.250279213183431892e+01 1.262550939772597403e+01
-1.290513747856424942e+01 1.313223831817985143e+01
-1.120971350943273137e+01 1.004539089633786553e+01
-1.106180512146978323e+01 1.298135261808641516e+01
-1.158740761072626668e+01 1.182938873068908059e+01
-1.115530048618157544e+01 1.075681414975684902e+01
-1.270623761681820874e+01 1.354005556392273846e+01
-1.093687960473498322e+01 1.229268661705081378e+01
-1.279799840048189985e+01 1.104397184045911651e+01
-1.157109776373735244e+01 1.081103093701084816e+01
-1.106925513748970147e+01 1.259775701716154117e+01
-1.097156537102328322e+01 1.275857565376744773e+01
-1.117669140195490129e+01 1.044675757990396292e+01
-1.298337219802120224e+01 1.303679109136220404e+01
-1.247594444499157262e+01 1.275283424620273465e+01
-1.085449439459338272e+01 1.353861937085272693e+01
-1.163883104117029710e+01 1.113188859121459906e+01
-1.264336636628822852e+01 1.803357353517513673e+01
-1.277575340897604050e+01 1.110139435183377543e+01
-1.265288895020789539e+01 1.162149541837896294e+01
-1.242599429136821243e+01 1.298972227975057336e+01
-1.149527424784603369e+01 1.056788832337813311e+01
-1.166570177995801139e+01 1.091362246480914244e+01
-1.113166037857438972e+01 1.124398459026294717e+01
-1.118204141984296562e+01 1.012408014292015856e+01
-1.271893378130275920e+01 1.194197055384542949e+01
-1.278466884068440912e+01 1.241745806734313007e+01
-1.116131557307029709e+01 1.060066707517809093e+01
-1.269654629144256042e+01 1.355568046792535064e+01
-1.292665967041190989e+01 1.301924765511905768e+01
-1.294777831441754756e+01 1.051516750482738338e+01
-1.279654108804230539e+01 1.886005618265581774e+01
-1.155742144436432639e+01 1.079054658741183204e+01
-1.274582468269129443e+01 1.276097112403715883e+01
-1.153948945963265338e+01 1.067604696806557207e+01
-1.289653164262531249e+01 1.307959584369795003e+01
-1.168237848917817345e+01 1.069202610346959048e+01
-1.280856939584848142e+01 1.237696628811306176e+01
-1.165317987464892724e+01 1.108001072624001182e+01
-1.285742023921381261e+01 1.848860408933969168e+01
-1.292234317647872288e+01 1.056860255421515937e+01
-1.164608279457541151e+01 1.117431513004436994e+01
-1.105177104060435411e+01 1.297704388251446517e+01
-1.154401306090210078e+01 1.239605670928791170e+01
-1.261699696050576414e+01 1.151120318298950096e+01
-1.238719446011686109e+01 1.301660420645751159e+01
-1.295041155829861523e+01 1.262763747201985254e+01
-1.258088965792167890e+01 1.213291176583698849e+01
-1.268918961156713365e+01 1.163881665433875945e+01
-1.241741628544002118e+01 1.287872366588395678e+01
-1.235634783282144156e+01 1.240869707495377305e+01
-1.272497432932769179e+01 1.151468293910406082e+01
-1.271674287874066600e+01 1.313809239220953806e+01
-1.165572203063694090e+01 1.101044302615890302e+01
-1.168684796150995453e+01 1.062436377200276993e+01
-1.153567111580304605e+01 1.135879697014640222e+01
-1.167937704220165251e+01 1.073190865583474185e+01
-1.140434091981133236e+01 1.041296189240346948e+01
-1.290196347462800119e+01 1.609443347875535935e+01
-1.262727246447358276e+01 1.283053644443077168e+01
-1.279648618098899249e+01 1.241269198613934321e+01
-1.160660955397892025e+01 1.108964655372515296e+01
-1.262685338565558624e+01 1.203715031721545614e+01
-1.119383893456993384e+01 1.718362982710640097e+01
-1.186411403671005615e+01 1.201697153909310600e+01
-1.299613956539235282e+01 1.028581482395838442e+01
-1.111065451520490299e+01 1.169967001248924099e+01
-1.163142780605316773e+01 1.126309328926166309e+01
-1.107489778901130784e+01 1.265927280678148037e+01
-1.273360982451227663e+01 1.224709329349594000e+01
-1.110693387844186830e+01 1.042241892662272029e+01
-1.275161858671469339e+01 1.141060448759465373e+01
-1.116718394804737713e+01 1.694226958127057614e+01
-1.165850040729940851e+01 1.096746491226523901e+01
-1.112338487829111244e+01 1.142350707759839601e+01
-1.099806583023741524e+01 1.262998258617354530e+01
-1.290038731335505062e+01 1.307187271140583995e+01
-1.269733634324553506e+01 1.347859559157883069e+01
-1.283881822122887151e+01 1.897254347052097856e+01
-1.236236337927116402e+01 1.239272813219076497e+01
-1.157983813959138431e+01 1.091522976266255363e+01
-1.115079132070357737e+01 1.082897230115175802e+01
-1.279993471764519342e+01 1.180409978552888894e+01
-1.293185119763820268e+01 1.242022073096656953e+01
-1.161837547707725449e+01 1.659905897164988176e+01
-1.239153800811068606e+01 1.209319572971695322e+01
-1.293961495596150790e+01 1.264034418763054113e+01
-1.114813207683238616e+01 1.092643038034898950e+01
-1.268359234919902434e+01 1.171440072812641375e+01
-1.277104254334917677e+01 1.889356945914392583e+01
-1.115524178864191462e+01 1.708714961779236319e+01
-1.283800394907553688e+01 1.256388671965223303e+01
-1.251865360195872157e+01 1.334514631568852749e+01
-1.278674426369933670e+01 1.121656876761194432e+01
-1.284283847121476896e+01 1.884930569653725030e+01
-1.275632576753033121e+01 1.878287965783533409e+01
-1.085966426564573695e+01 1.186702835139728940e+01
-1.286915681589415961e+01 1.313442921074035752e+01
-1.287526026177793170e+01 1.084453053665235878e+01
-1.113886037034334286e+01 1.090657425586897666e+01
-1.247173278670895513e+01 1.277280798754630808e+01
-1.144459882726106947e+01 1.054278545275903944e+01
-1.274713169947080260e+01 1.337885260245517216e+01
-1.168414564059885841e+01 1.066854459284364687e+01
-1.271751321239483978e+01 1.255699514236446213e+01
-1.108103344325414241e+01 1.234224729870948423e+01
-1.221956513547011269e+01 1.259646314899142894e+01
-1.260065170748973351e+01 1.367226052950976545e+01
-1.162336456657921246e+01 1.117457156763216197e+01
-1.266693232538606040e+01 1.843308482088347589e+01
-1.283861659029611246e+01 1.264681739755741674e+01
-1.265055157528320251e+01 1.142458637092094875e+01
-1.270807804529251683e+01 1.824946587122105868e+01
-1.236244792948299853e+01 1.239250368417017967e+01
-1.273030927791915445e+01 1.827969028719864752e+01
-1.298105327349219706e+01 1.027904839413446325e+01
-1.145221256176926872e+01 1.001024890024958047e+01
-1.082839061003708991e+01 1.819061466359346113e+01
-1.105526972225248272e+01 1.295055935471484787e+01
-1.092547314294231242e+01 1.222980720991251502e+01
-1.280536154127810633e+01 1.891719398410567266e+01
-1.168122907377694020e+01 1.069405922927278141e+01
-1.116154248094750301e+01 1.060911839578998084e+01
-1.253031552175409757e+01 1.320365899903790563e+01
-1.107949560815832690e+01 1.255048092357942124e+01
-1.105299249007470408e+01 1.195025404981952910e+01
-1.272755920404951979e+01 1.146376368859336914e+01
-1.281559333044398308e+01 1.099855284959918755e+01
-1.165260704912091327e+01 1.144979343988348042e+01
-1.296872892435628088e+01 1.293498049736179922e+01
-1.254114125754314557e+01 1.231425524435039165e+01
-1.264951092407193833e+01 1.285021497664946644e+01
-1.172621336660196611e+01 1.016022959779051860e+01
-1.264861608676002369e+01 1.320851594395991313e+01
-1.116156067659391837e+01 1.060868785718530560e+01
-1.282440731879060003e+01 1.253844680964064295e+01
-1.290463183222816035e+01 1.076871170175527048e+01
-1.262665422110900337e+01 1.323160459044386172e+01
-1.269615117507886559e+01 1.160705602671382053e+01
-1.095951089136822709e+01 1.506179517280889968e+01
-1.299628628443147349e+01 1.233722289598096644e+01
-1.293347446973934645e+01 1.319650366839155886e+01
-1.262869372136266932e+01 1.290506704863827281e+01
-1.268853858419118374e+01 1.256000030410003454e+01
-1.160056784782061534e+01 1.012379669153945727e+01
-1.244272268275687310e+01 1.291038807448749104e+01
-1.101033009199606383e+01 1.269759071237336201e+01
-1.086538054410876697e+01 1.420944719897181940e+01
-1.169768116843166794e+01 1.050637687087656680e+01
-1.273211244654061680e+01 1.340893703793715197e+01
-1.293897910516713523e+01 1.055689765428444460e+01
-1.270935698893018895e+01 1.353502633542107070e+01
-1.285599015220391195e+01 1.258052992211843346e+01
-1.290766410393100827e+01 1.063298521107555672e+01
-1.241098036148716233e+01 1.290808617672574599e+01
-1.083248914197909407e+01 1.637755898274808430e+01
-1.168033509158016692e+01 1.071917831116900999e+01
-1.168911107687307727e+01 1.061034761317259090e+01
-1.283055229956188725e+01 1.107111054254447247e+01
-1.158796649103082466e+01 1.626868863854230085e+01
-1.133989685041297690e+01 1.434400496843579020e+01
-1.281441933534060773e+01 1.831990117126883177e+01
-1.167743265244592976e+01 1.128354507917472560e+01
-1.106138720405517262e+01 1.294923739444371158e+01
-1.116517413314777940e+01 1.052318759482323074e+01
-1.097733731139506830e+01 1.493658566712419500e+01
-1.270954184256108555e+01 1.321988315651527301e+01
-1.239499262860037199e+01 1.310724123337096181e+01
-1.086136892546166344e+01 1.187642548089689321e+01
-1.272029415365475913e+01 1.343260976463563239e+01
-1.156758596561182273e+01 1.091689388712173248e+01
-1.088702012554682774e+01 1.710476406390461790e+01
-1.111114054426530906e+01 1.168912646311396664e+01
-1.109797657727701825e+01 1.211319111953702077e+01
-1.259430734999516410e+01 1.219149951993282421e+01
-1.118505815233034895e+01 1.005269934303963453e+01
-1.117314390231519283e+01 1.699623682023476334e+01
-1.095457083128007625e+01 1.239021149872960770e+01
-1.159603407569678701e+01 1.096374956114357602e+01
-1.111643956995019344e+01 1.167632666744934333e+01
-1.161140917120925309e+01 1.155301254906663821e+01
-1.112520420142526945e+01 1.333084719696394593e+01
-1.261151185587263335e+01 1.365050702187069120e+01
-1.155556420343980939e+01 1.082462305891623977e+01
-1.291687159011988228e+01 1.209893470897156931e+01
-1.257382956499228399e+01 1.269712925527542424e+01
-1.119186350862698021e+01 1.012801397252916935e+01
-1.297548203341028561e+01 1.239168418968920271e+01
-1.253655004605532319e+01 1.246541287476454585e+01
-1.115619526763735436e+01 1.087735116396017432e+01
-1.271417651633018764e+01 1.223932659429431524e+01
-1.109766498028885984e+01 1.198145522638997562e+01
-1.082826209815550556e+01 1.387334058594680286e+01
-1.243265452067027255e+01 1.295813621828942175e+01
-1.165593692190849318e+01 1.104337570234559784e+01
-1.172743029520495028e+01 1.009338783763970326e+01
-1.083190319246596012e+01 1.512094809725040001e+01
-1.258782848306173818e+01 1.794060799996118760e+01
-1.256842043754924987e+01 1.352967289222916136e+01
-1.298914666565686460e+01 1.239450346326254682e+01
-1.096012737331171394e+01 1.496509276629783436e+01
-1.278604180696689063e+01 1.341139072585913183e+01
-1.101322520066139532e+01 1.388094162634441631e+01
-1.244254732910151340e+01 1.279121491043174785e+01
-1.262775842264539250e+01 1.841284263908026730e+01
-1.261099613056078539e+01 1.266695839419423386e+01
-1.269651715616815046e+01 1.160538631716152835e+01
-1.112775508041991657e+01 1.132870319511807899e+01
-1.238802330809025776e+01 1.301282276687194361e+01
-1.260940311309925299e+01 1.200282529450491786e+01
-1.253415071156895877e+01 1.277295503039859526e+01
-1.287615873776981879e+01 1.842324750456738514e+01
-1.268166361811503862e+01 1.811589418867525936e+01
-1.101160762689503692e+01 1.767179469157613170e+01
-1.101000918406574769e+01 1.269582167121308913e+01
-1.265563759527020693e+01 1.281816710180656038e+01
-1.098926232320724949e+01 1.258145226074432088e+01
-1.245422454305383120e+01 1.310998630410688115e+01
-1.281686217204584999e+01 1.201302825213848813e+01
-1.273695865640821978e+01 1.865472594391030725e+01
-1.294644766984873563e+01 1.315277530311384524e+01
-1.297082376120678227e+01 1.775215324683143336e+01
-1.285696025145952071e+01 1.273921060052935061e+01
-1.129682645862637180e+01 1.522131540017521623e+01
-1.299862481975185879e+01 1.411871968708015324e+01
-1.259656004432428311e+01 1.218081614278381153e+01
-1.111998366224211665e+01 1.330206838590532392e+01
-1.261784391736608057e+01 1.171452638875816987e+01
-1.278214599336044799e+01 1.130067689731160385e+01
-1.248180790449130839e+01 1.318750644937728111e+01
-1.287612598276261444e+01 1.312046956494493877e+01
-1.285809126034912353e+01 1.086823941789434755e+01
-1.262382513266737405e+01 1.258616786023947043e+01
-1.254788801299058676e+01 1.241164269595832437e+01
-1.103244408375249108e+01 1.768368776724373603e+01
-1.087446600839604116e+01 1.682336607568164766e+01
-1.259311060201112475e+01 1.268103096000306707e+01
-1.085889761618885530e+01 1.716109508265127914e+01
-1.119978013593435584e+01 1.016612592756938049e+01
-1.097182987051528436e+01 1.762938419356985520e+01
-1.297136546011996039e+01 1.292969936317708424e+01
-1.120049804404789029e+01 1.710061029264258536e+01
-1.115679407888108265e+01 1.086477102198723266e+01
-1.270043667662210396e+01 1.823750373196148189e+01
-1.095719317859215280e+01 1.240466748405536634e+01
-1.163156504004951231e+01 1.144753065035234663e+01
-1.287307745058178554e+01 1.218574186147606220e+01
-1.295980416635459953e+01 1.062629159864542849e+01
-1.104105388222714801e+01 1.286695907128127203e+01
-1.161240541720941621e+01 1.162181254606574576e+01
-1.294011332169105444e+01 1.310650201378853552e+01
-1.255463630491084004e+01 1.309343249100114726e+01
-1.168045884927531475e+01 1.070361292591022107e+01
-1.272248420786652368e+01 1.858461376086320982e+01
-1.287057238929146585e+01 1.081129696696238973e+01
-1.258565079007139964e+01 1.270407089807589429e+01
-1.256134360777116932e+01 1.221020298775317769e+01
-1.116833674843936919e+01 1.044835497039550098e+01
-1.087333005641180605e+01 1.428142983689635415e+01
-1.168873218668027469e+01 1.061494423787901198e+01
-1.286046677841825847e+01 1.315183586025846729e+01
-1.109941457960474054e+01 1.194350073297249892e+01
-1.115329226991203626e+01 1.073116196059575955e+01
-1.168151793798313243e+01 1.134382500905209312e+01
-1.276606013516251892e+01 1.866260435256405970e+01
-1.287832147481930889e+01 1.077594344049253117e+01
-1.271390485161281347e+01 1.339689548110667516e+01
-1.116816167088220801e+01 1.055043206145107426e+01
-1.111313060582251211e+01 1.164595556244696262e+01
-1.117382389214386329e+01 1.050699973619163252e+01
-1.176021980071732287e+01 1.445793250651715667e+01
-1.116999811007098309e+01 1.058737378083134573e+01
-1.299805486331944415e+01 1.306386683993886066e+01
-1.168084181538754329e+01 1.069886269782616672e+01
-1.117601802467974537e+01 1.026660347455248257e+01
-1.137739521793949038e+01 1.010476983974482756e+01
-1.166295559754622246e+01 1.092766097932864966e+01
-1.265939166549541994e+01 1.183119811256973364e+01
-1.243064748157271637e+01 1.281835919564750448e+01
-1.085092582086166146e+01 1.519082100562109794e+01
-1.186906116402601619e+01 1.191159012459824140e+01
-1.278458559399651584e+01 1.206393431883289580e+01
-1.117065716230126071e+01 1.039801765496139829e+01
-1.140805117223395904e+01 1.022520974392831583e+01
-1.082778494992688678e+01 1.315789245607877156e+01
-1.119665405628686194e+01 1.002737162434292983e+01
-1.296318748973981627e+01 1.516482558497517275e+01
-1.275656535299754957e+01 1.345891433545391713e+01
-1.111091254918352078e+01 1.182867436143509110e+01
-1.281421362520008600e+01 1.236153825722850286e+01
-1.108389725584403962e+01 1.244633077638814989e+01
-1.258133960776565630e+01 1.213085896700515676e+01
-1.085591065842770675e+01 1.355532992314078911e+01
-1.118117546235995441e+01 1.016984155388709610e+01
-1.258782227302619461e+01 1.222225492345308240e+01
-1.108572802557177539e+01 1.155237050086551243e+01
-1.116263995687096688e+01 1.057193688776403206e+01
-1.168115389380335500e+01 1.070829825138503288e+01
-1.166876596481163553e+01 1.085717069419371583e+01
-1.169639321138607890e+01 1.052200212402113522e+01
-1.258680071336815587e+01 1.243567098580396468e+01
-1.273245043877180294e+01 1.153635749784267439e+01
-1.166523942708947104e+01 1.091976610573799356e+01
-1.269545148462754725e+01 1.161024821304375187e+01
-1.289295485050324075e+01 1.070918182936740060e+01
-1.255233660814634256e+01 1.250215067938536606e+01
-1.105601507312598208e+01 1.294943432354622992e+01
-1.161203286255106981e+01 1.113925236024782350e+01
-1.083171676116833027e+01 1.171296458083677905e+01
-1.251266439922888019e+01 1.263991196075553702e+01
-1.112742976884545243e+01 1.330383242836992075e+01
-1.245744024142942052e+01 1.280585644885453078e+01
-1.094403349701510564e+01 1.233212325511448348e+01
-1.280677533193919260e+01 1.118387254016196053e+01
-1.166781577828417937e+01 1.423648264045510103e+01
-1.105878634910657610e+01 1.296471129495448338e+01
-1.288982285005182327e+01 1.213841256992550299e+01
-1.120313085630911409e+01 1.012539964971817064e+01
-1.166548911566915514e+01 1.630922872411091618e+01
-1.264299418050120671e+01 1.318816386089888759e+01
-1.284460561768168674e+01 1.092976474540469667e+01
-1.261618913490045735e+01 1.265070838350071369e+01
-1.285068924729566575e+01 1.090795736952946626e+01
-1.148693228228043850e+01 1.036449346574309693e+01
-1.114910783313729326e+01 1.090334239829427965e+01
-1.113134040536424152e+01 1.139951520043606159e+01
-1.268603328884274539e+01 1.342233266606128339e+01
-1.084309347326579953e+01 1.643307896677853464e+01
-1.287788584497356759e+01 1.326331456275013920e+01
-1.168413501062750726e+01 1.130987703966236069e+01
-1.173532862212618255e+01 1.002302023731225411e+01
-1.097185243084857120e+01 1.276074914967052010e+01
-1.270717434691996672e+01 1.345888949912598775e+01
-1.256879206449923458e+01 1.226845007443829516e+01
-1.265448647725341047e+01 1.356442636058202034e+01
-1.240552195734748508e+01 1.308681209022186920e+01
-1.271909098842665742e+01 1.351933262978242212e+01
-1.298928088691891958e+01 1.031834202835020520e+01
-1.170974178968664958e+01 1.034039372325793238e+01
-1.102416213484923802e+01 1.277384140868283247e+01
-1.129333254692539512e+01 1.687402755382134245e+01
-1.088145336837825283e+01 1.667178753650260248e+01
-1.108338318174329373e+01 1.229127383683762531e+01
-1.107677030081506686e+01 1.243472870869439362e+01
-1.160064556416753589e+01 1.627077335905553923e+01
-1.118984544455307528e+01 1.017041052540959356e+01
-1.115391567589823119e+01 1.076119488629304755e+01
-1.171860264246200067e+01 1.025256147462439671e+01
-1.195681700630523636e+01 1.174849657897481947e+01
-1.108982894440146261e+01 1.215144430320726343e+01
-1.254964461631923989e+01 1.189556908271737434e+01
-1.099064196096969326e+01 1.258905766951564686e+01
-1.116531340648568715e+01 1.051394107987677096e+01
-1.273800370023391082e+01 1.347307517113355502e+01
-1.251373186561312956e+01 1.257362783511977256e+01
-1.266323564897839127e+01 1.447264124999004409e+01
-1.299300763380429125e+01 1.307770869055342366e+01
-1.297657730576543145e+01 1.150343845442274748e+01
-1.267672121258449458e+01 1.169570102758327046e+01
-1.286003795507132352e+01 1.212496854034194982e+01
-1.113089624961198965e+01 1.126056103002840914e+01
-1.258501040697336215e+01 1.373550494188811832e+01
-1.264205163816253652e+01 1.185387346130095487e+01
-1.279490046435060080e+01 1.828722829677417749e+01
-1.113713372459138284e+01 1.112524993285453512e+01
-1.273943536964736900e+01 1.829855402504785644e+01
-1.104459846195975636e+01 1.322183563022363728e+01
-1.113469925540001348e+01 1.117806147893822377e+01
-1.266491809292225312e+01 1.623168859302024103e+01
-1.106824156646894153e+01 1.176490939173220696e+01
-1.163993596573184774e+01 1.119253883162295793e+01
-1.253074296681688438e+01 1.236169519647262938e+01
-1.167437769823489013e+01 1.078909019755089638e+01
-1.274488459567293397e+01 1.219199139394407005e+01
-1.125593726118659532e+01 1.532986036096950322e+01
-1.281961627021755667e+01 1.826450607769147894e+01
-1.196487384095478035e+01 1.220891614028829864e+01
-1.115736191980148462e+01 1.085284152087745468e+01
-1.104431079829926787e+01 1.288491318846820199e+01
-1.269325856907491712e+01 1.531846151258508115e+01
-1.289067783823757196e+01 1.520609603329089055e+01
-1.155893809456303778e+01 1.085967023691087263e+01
-1.093042415839583903e+01 1.225710024101270790e+01
-1.109278459697980779e+01 1.208732659619246519e+01
-1.106817774286728095e+01 1.262112920685854967e+01
-1.257997370648739022e+01 1.225947666069869157e+01
-1.276524034153878517e+01 1.323517894748526658e+01
-1.092830867971478348e+01 1.416765977243091790e+01
-1.093794125712577880e+01 1.486648266650013817e+01
-1.093795729894788771e+01 1.772320105917668442e+01
-1.297161697557044491e+01 1.292919556312937601e+01
-1.085697450468196834e+01 1.185220074071314578e+01
-1.263670685307461383e+01 1.199042036042451542e+01
-1.266383672770219704e+01 1.847826527893664306e+01
-1.089379333852861720e+01 1.205516871499652787e+01
-1.163775505409874356e+01 1.113333274584171839e+01
-1.291999621845970125e+01 1.058581143754572196e+01
-1.167446106451366639e+01 1.079723106169439717e+01
-1.101929948664005643e+01 1.368145738451122284e+01
-1.169620661642954040e+01 1.050828105865355866e+01
-1.288939539553193647e+01 1.324475821306450740e+01
-1.164182265699024477e+01 1.114652473667972110e+01
-1.270377997918967417e+01 1.855069642426466103e+01
-1.086317415018212351e+01 1.418946835636034010e+01
-1.168540305893853670e+01 1.065183630075338428e+01
-1.109060906475782637e+01 1.213452095815238607e+01
-1.111249542037198346e+01 1.176965166491515546e+01
-1.236456993897149204e+01 1.238687057197537555e+01
-1.285593933543052714e+01 1.087805710983971963e+01
-1.247798075385191119e+01 1.208580884355739471e+01
-1.092911122785194244e+01 1.224986256330733703e+01
-1.151337887988461262e+01 1.055820129155630660e+01
-1.114457847308561256e+01 1.101051442789497514e+01
-1.084836462705614757e+01 1.405536848955409113e+01
-1.094944087729399484e+01 1.236193204878669505e+01
-1.277414170071846833e+01 1.295517943296862029e+01
-1.143931000421952504e+01 1.006808165301635327e+01
-1.091808449473952614e+01 1.218907645334762790e+01
-1.260097567757328996e+01 1.215356495346714638e+01
-1.259674595974416178e+01 1.298770442875161990e+01
-1.093389143441099343e+01 1.498027073846445134e+01
-1.271485522073468388e+01 1.161980261859420871e+01
-1.105278420242683879e+01 1.195278567874441933e+01
-1.099544746842808962e+01 1.261554857138119878e+01
-1.269676538970503188e+01 1.150502048849010883e+01
-1.170544661234244543e+01 1.041216796282207113e+01
-1.284430707197249077e+01 1.830305543358255704e+01
-1.258732812795804357e+01 1.222087372941917849e+01
-1.164593313175279832e+01 1.429457258006132747e+01
-1.104635959043434923e+01 1.289620738619098006e+01
-1.156487858380238620e+01 1.079800230229931657e+01
-1.261948035340668106e+01 1.202381816077815202e+01
-1.281666627605600794e+01 1.825990029874841980e+01
-1.160793014520781696e+01 1.032366394156321832e+01
-1.234492870505154549e+01 1.243901043040454013e+01
-1.288480453162688377e+01 1.081381995108074889e+01
-1.112548757061710880e+01 1.146223624755850956e+01
-1.113266442300680303e+01 1.137169954050566467e+01
-1.089744665948317959e+01 1.207530805880741553e+01
-1.103894697358946608e+01 1.325523956005214288e+01
-1.252111937819410237e+01 1.240560073782820716e+01
-1.110849562626727938e+01 1.174650332753925852e+01
-1.249292851057558806e+01 1.253421547320290763e+01
-1.099802575328546972e+01 1.262976165745576473e+01
-1.098148674226975174e+01 1.454771987533236732e+01
-1.096050253467366353e+01 1.242291068270867527e+01
-1.281977562024208162e+01 1.224701331221185896e+01
-1.247068712006935698e+01 1.210517061249749560e+01
-1.144094915698827819e+01 1.483872553236719583e+01
-1.282400742334986354e+01 1.887797330750019853e+01
-1.287957201858208656e+01 1.083340030519930153e+01
-1.096633289640438491e+01 1.245505120934111076e+01
-1.102256664278774601e+01 1.276504607874229258e+01
-1.118187516924251668e+01 1.015466263833358873e+01
-1.112725590631029782e+01 1.742666908965975381e+01
-1.277861930447703642e+01 1.825997506612119636e+01
-1.128085834392405040e+01 1.076226150871953635e+01
-1.116481697093965053e+01 1.692083666191323843e+01
-1.089658715809734346e+01 1.207056996047699648e+01
-1.257899248734840469e+01 1.844732429853101152e+01
-1.104733506211007743e+01 1.307327466806211191e+01
-1.104991798743988873e+01 1.291582345102667517e+01
-1.107137742538553837e+01 1.274257033897163538e+01
-1.278707743493976068e+01 1.127728959189733615e+01
-1.170908186860049227e+01 1.181563031198924385e+01
-1.117101035115451957e+01 1.039035584126246903e+01
-1.246462644088265748e+01 1.280650975153279347e+01
-1.226769635689165838e+01 1.241287661716114243e+01
-1.271411709204266138e+01 1.156708215776676596e+01
-1.282408243280154458e+01 1.102339733692778623e+01
-1.270303631407932166e+01 1.531289629593477031e+01
-1.173380144419252957e+01 1.627243895845638377e+01
-1.247340905072064210e+01 1.285673896718827081e+01
-1.292003674386259071e+01 1.058562654916132750e+01
-1.276588299688230066e+01 1.885881599899824224e+01
-1.185868199035561688e+01 1.713092519335608799e+01
-1.257495484397756869e+01 1.318920875879326182e+01
-1.240401980582855401e+01 1.284744615088295738e+01
-1.113435748747027887e+01 1.118547553570065389e+01
-1.108005277745980877e+01 1.735353209790642737e+01
-1.274103086546527663e+01 1.750565666946556576e+01
-1.105802187907667289e+01 1.305858429856282221e+01
-1.260903577991821578e+01 1.309481478635639107e+01
-1.184296155255592353e+01 1.182742418802602913e+01
-1.261966383079289677e+01 1.771426726052976619e+01
-1.255373708431572055e+01 1.263258937751496092e+01
-1.106740435156655522e+01 1.263790657683464858e+01
-1.245811497027054315e+01 1.283739032660447243e+01
-1.276530159138271969e+01 1.270581789975939380e+01
-1.115283658807715561e+01 1.073670053825773252e+01
-1.108105264441236137e+01 1.735108457356355061e+01
-1.116894352373209465e+01 1.043399767954404389e+01
-1.096069262362143526e+01 1.248753938856611612e+01
-1.101111793725619314e+01 1.270193379822891444e+01
-1.298134282096895120e+01 1.148823352128950681e+01
-1.118002775066852905e+01 1.019473914926336988e+01
-1.290796243069047655e+01 1.847648409124267133e+01
-1.217620280368231178e+01 1.195150119411759171e+01
-1.292295748306092307e+01 1.302666335129387321e+01
-1.288000337235104809e+01 1.083658939415751732e+01
-1.087052118918910004e+01 1.425599561344180977e+01
-1.287244293945376583e+01 1.597845436443133949e+01
-1.293928402264144495e+01 1.048505146622125395e+01
-1.084395115139631471e+01 1.178040803685466997e+01
-1.082497510875705338e+01 1.383853941382040631e+01
-1.151794954464433118e+01 1.054866105591928793e+01
-1.149814735749754568e+01 1.044360941944594146e+01
-1.263527622091604563e+01 1.199720511711072746e+01
-1.292510151730568424e+01 1.071587190975578885e+01
-1.172566967067082366e+01 1.016682561478259572e+01
-1.110362872340947682e+01 1.185208226255765318e+01
-1.108610408532461555e+01 1.311530339695526237e+01
-1.149586582729030226e+01 1.043244728834153179e+01
-1.293980232578362788e+01 1.280114412313007577e+01
-1.170701080437722652e+01 1.652741286805245124e+01
-1.106375351471625557e+01 1.299209335561198131e+01
-1.255001845525560356e+01 1.240153909782823227e+01
-1.169631892775093185e+01 1.647918154042873695e+01
-1.086584698648700353e+01 1.509242216574698325e+01
-1.289438769274754648e+01 1.076837191882516365e+01
-1.170295248931529919e+01 1.041864341696970442e+01
-1.172787650920315450e+01 1.014005266390276994e+01
-1.296512618849134846e+01 1.061255350049406765e+01
-1.273156898787172331e+01 1.303019888549910377e+01
-1.118629821004174474e+01 1.032999178280694608e+01
-1.294154403350153615e+01 1.048750419255376087e+01
-1.170810725055563495e+01 1.176399749572160935e+01
-1.285418595875574965e+01 1.088605651163504362e+01
-1.099887852753678708e+01 1.263446267169840098e+01
-1.167191346146644726e+01 1.080960805149161530e+01
-1.260567534793424471e+01 1.209044390371805733e+01
-1.105208729596074235e+01 1.297018327635551671e+01
-1.282194048899031991e+01 1.322900625442136935e+01
-1.281367190313722482e+01 1.256884654075948582e+01
-1.083012473040610857e+01 1.465909671323964503e+01
-1.143594496625727253e+01 1.001489287640826120e+01
-1.270301670304685082e+01 1.162065487566566979e+01
-1.171432876158335290e+01 1.026747806972242572e+01
-1.086223785571407419e+01 1.200553556350180884e+01
-1.297914803797153738e+01 1.036639694885116647e+01
-1.083976323674129283e+01 1.757618193836540144e+01
-1.280010858317272060e+01 1.872537401946564728e+01
-1.283189039934817721e+01 1.337665500197970303e+01
-1.117056894888639462e+01 1.039553747528502470e+01
-1.166684852924855953e+01 1.152717532342614604e+01
-1.265304094984362315e+01 1.362582224520922836e+01
-1.114746400386112413e+01 1.094223807402640958e+01
-1.163357127262667667e+01 1.128519619471422075e+01
-1.106653492329911259e+01 1.265676730063241173e+01
-1.276047189667805881e+01 1.131360664801658622e+01
-1.106782338897385998e+01 1.282666462407327401e+01
-1.276541410170139024e+01 1.138002770256710328e+01
-1.083119426335599478e+01 1.171008425271505970e+01
-1.240723626445126726e+01 1.296316625129024835e+01
-1.104727753653182631e+01 1.290126766758615418e+01
-1.299468681191491193e+01 1.182483585223764955e+01
-1.084264901292519845e+01 1.177322985166773250e+01
-1.085690038656508705e+01 1.716509564952621858e+01
-1.116784945375172811e+01 1.063251388437861955e+01
-1.111550388137891510e+01 1.169846658172280485e+01
-1.109874904890044967e+01 1.195793825618477513e+01
-1.295904310587263986e+01 1.038501977689254119e+01
-1.096455557391016278e+01 1.510747464885944780e+01
-1.257204024653836782e+01 1.260221892110920372e+01
-1.294377011069946271e+01 1.298497444996752037e+01
-1.110278266987344331e+01 1.199947114759166666e+01
-1.100073674905703669e+01 1.258539562834026881e+01
-1.118857829541695104e+01 1.000925005388958766e+01
-1.264859878988111852e+01 1.283843042511033872e+01
-1.243078283198187606e+01 1.296701268053515399e+01
-1.115491178054126564e+01 1.076601155776026175e+01
-1.114013764365827264e+01 1.106008516889059123e+01
-1.270251283255305097e+01 1.157803234061593933e+01
-1.085587070959393508e+01 1.184611594579606830e+01
-1.284669723593234991e+01 1.099454336604703997e+01
-1.280983844060158994e+01 1.874301766867312935e+01
-1.279427264736222014e+01 1.124316637909266525e+01
-1.116632837108710419e+01 1.693452235298784814e+01
-1.109026391049816596e+01 1.149723915919798145e+01
-1.167401488692620148e+01 1.078354242866810964e+01
-1.267373766407102131e+01 1.357226392424643180e+01
-1.160115506465643165e+01 1.111649386967544295e+01
