0.029999999999999995	1.7273432780101022e-23
0.03608051830281039	7.508321164890245e-23
0.043393460033314527	3.2983369951667235e-22
0.05218861763180923	1.4653156257134853e-21
0.06276641245542887	6.46927883510597e-21
0.07548815644666158	2.8952551114023315e-20
0.09078839367730626	1.284384125063126e-19
0.10918974332522684	5.862049995858419e-19
0.1313207510841672	2.699892932009605e-18
0.15793735876770343	1.2549206020341191e-17
0.18994872545718855	6.086295186689952e-17
0.22844828218178667	3.011235112480872e-16
0.27475108088351824	1.5601113965029883e-15
0.33043871341782405	8.52038249484779e-15
0.3974133349142973	5.010948239352959e-14
0.47796263680520745	3.131174080669354e-13
0.5748379888436601	2.1349264894677343e-12
0.6913484192541468	1.5549409230089075e-11
0.8314736431506091	1.1407213214213613e-10
1.0	6.91109755546816e-11
