# Mass  +1sig   -1sig   spin    +1sig   -1sig   age[yrs]  Mc[SM]  Torb[days]
14.20e6 3.70e6  3.70e6  0.83    0.05    0.08    1e10      0.0     1e100
255.0e6 56.0e6  56.0e6  0.52    0.11    0.09    1e10      0.0     1e100
52.40e6 14.4e6  14.4e6  0.70    0.06    0.06    1e10      0.0     1e100
29.8e6  5.40e6  5.40e6  0.98    0.01    0.01    1e10      0.0     1e100
2.90e6  1.80e6  1.60e6  0.98    0.01    0.01    1e10      0.0     1e100
12.2e6  1.40e6  1.40e6  0.69    0.05    0.05    1e10      0.0     1e100
150.0e6 19.0e6  19.0e6  0.64    0.11    0.06    1e10      0.0     1e100
25.1e6  6.10e6  6.10e6  0.89    0.07    0.01    1e10      0.0     1e100
1.91e6  0.78e6  0.78e6  0.98    0.01    0.01    1e10      0.0     1e100
