0.03	1.384238636655332e-23
0.04541666666666667	2.6358933001984094e-22
0.06083333333333333	2.1872223942792865e-21
0.07625	1.1380465926226143e-20
0.09166666666666667	4.510122592584894e-20
0.10708333333333334	1.3985636688887754e-19
0.1225	3.8056362063358995e-19
0.1379166666666667	9.126047862385174e-19
0.15333333333333332	2.0000774476102486e-18
0.16875	4.206090773581289e-18
0.18416666666666667	8.004453595444732e-18
0.19958333333333333	1.429712724660643e-17
0.21500000000000002	2.456703636350751e-17
0.2304166666666667	4.015610907321611e-17
0.24583333333333338	6.258781490434307e-17
0.26125	9.556526282839541e-17
0.27666666666666667	1.4004574970542347e-16
0.29208333333333336	2.0108293958172802e-16
0.30750000000000005	2.7987348544500133e-16
0.32291666666666663	3.795360441138162e-16
0.3383333333333334	5.074251231449419e-16
0.35375	6.483075084618054e-16
0.3691666666666667	8.417705981373626e-16
0.38458333333333333	0.0
0.4	0.0
