0.03	2.649368001530407e-24
0.04541666666666667	3.0247264726122665e-22
0.06083333333333333	9.705703976473227e-21
0.07625	1.5816971629237244e-19
0.09166666666666667	1.7165956980689254e-18
0.10708333333333334	1.3379492649106051e-17
0.1225	9.012390792547591e-17
0.1379166666666667	4.634888264229333e-16
0.15333333333333332	1.5347746838560005e-15
0.16875	3.4513760504543583e-15
0.18416666666666667	5.900173699869949e-15
0.19958333333333333	9.427637889408297e-15
0.21500000000000002	1.4457761432406837e-14
0.2304166666666667	2.2164014869624558e-14
0.24583333333333338	3.392037407139505e-14
0.26125	5.0133707466364014e-14
0.27666666666666667	7.290923802901669e-14
0.29208333333333336	1.0600202710618387e-13
0.30750000000000005	1.5300763461106757e-13
0.32291666666666663	2.1446024821458997e-13
0.3383333333333334	2.9867654148182327e-13
0.35375	4.07865271725795e-13
0.3691666666666667	5.519947491897619e-13
0.38458333333333333	0.0
0.4	0.0
