0.03	5.0829742146420133e-23
0.04541666666666667	1.426692818815989e-21
0.06083333333333333	1.5053374959155105e-20
0.07625	9.281875171802426e-20
0.09166666666666667	4.1699105948196446e-19
0.10708333333333334	1.4929558627242986e-18
0.1225	4.5262015765972005e-18
0.1379166666666667	1.1943856806559647e-17
0.15333333333333332	2.94288335102814e-17
0.16875	6.780153204806389e-17
0.18416666666666667	1.4480709516151075e-16
0.19958333333333333	2.9116332020953243e-16
0.21500000000000002	5.56970427857938e-16
0.2304166666666667	1.0177740602965541e-15
0.24583333333333338	1.83063927285993e-15
0.26125	3.161658403243705e-15
0.27666666666666667	5.367949834719291e-15
0.29208333333333336	8.768893743726112e-15
0.30750000000000005	1.431258744656586e-14
0.32291666666666663	2.2678535438666184e-14
0.3383333333333334	3.5870581952713026e-14
0.35375	5.702400265377052e-14
0.3691666666666667	0.0
0.38458333333333333	0.0
0.4	0.0
