0.03	1.4720028333536253e-22
0.04541666666666667	4.1304308035211245e-21
0.06083333333333333	4.2673065876909294e-20
0.07625	2.6603285699896004e-19
0.09166666666666667	1.1751575550528649e-18
0.10708333333333334	4.112813162541181e-18
0.1225	1.2419581156103822e-17
0.1379166666666667	3.252324187655576e-17
0.15333333333333332	7.818741354390967e-17
0.16875	1.7890488625063073e-16
0.18416666666666667	3.717715712664613e-16
0.19958333333333333	7.355462775071275e-16
0.21500000000000002	1.373090394166976e-15
0.2304166666666667	2.5117274535044017e-15
0.24583333333333338	4.380748351494031e-15
0.26125	7.500324727286002e-15
0.27666666666666667	1.22717045308613e-14
0.29208333333333336	1.983970474733034e-14
0.30750000000000005	3.1503197290499376e-14
0.32291666666666663	4.9209371674614294e-14
0.3383333333333334	7.516030936214315e-14
0.35375	1.1684758022643447e-13
0.3691666666666667	0.0
0.38458333333333333	0.0
0.4	0.0
