0.03	4.261289527815595e-25
0.04541666666666667	4.783193391349024e-23
0.06083333333333333	1.4636359275475451e-21
0.07625	2.2728209372277932e-20
0.09166666666666667	2.2662634201493497e-19
0.10708333333333334	1.5927009912205023e-18
0.1225	9.475601950614919e-18
0.1379166666666667	4.637174274118949e-17
0.15333333333333332	1.790439983860666e-16
0.16875	5.097774443002146e-16
0.18416666666666667	1.1764388745069182e-15
0.19958333333333333	2.2605532732498472e-15
0.21500000000000002	3.877319256697111e-15
0.2304166666666667	6.251711745593829e-15
0.24583333333333338	9.61606695822046e-15
0.26125	1.4539800939512883e-14
0.27666666666666667	2.159297607618296e-14
0.29208333333333336	3.1502460137548524e-14
0.30750000000000005	4.466287963919165e-14
0.32291666666666663	6.294526213143747e-14
0.3383333333333334	8.662351672840863e-14
0.35375	1.1719200784451988e-13
0.3691666666666667	0.0
0.38458333333333333	0.0
0.4	0.0
