0.03	8.618820224898108e-21
0.04541666666666667	2.384720094730086e-19
0.06083333333333333	2.5023265148498943e-18
0.07625	1.5424501417707844e-17
0.09166666666666667	6.850261088905709e-17
0.10708333333333334	2.4276934904537814e-16
0.1225	7.247498788509007e-16
0.1379166666666667	1.901472169656006e-15
0.15333333333333332	4.5617178257129984e-15
0.16875	1.0023040425976429e-14
0.18416666666666667	2.0868749817181436e-14
0.19958333333333333	4.0700323738817366e-14
0.21500000000000002	7.636593083831251e-14
0.2304166666666667	1.3791148049117143e-13
0.24583333333333338	2.414976058395531e-13
0.26125	4.0858523035619455e-13
0.27666666666666667	6.847440064100721e-13
0.29208333333333336	1.1088023469285278e-12
0.30750000000000005	1.7898758655529317e-12
0.32291666666666663	2.8170042809958133e-12
0.3383333333333334	4.489351018779917e-12
0.35375	7.164978296147715e-12
0.3691666666666667	0.0
0.38458333333333333	0.0
0.4	0.0
