0.03	1.745889308458448e-21
0.04541666666666667	4.794769455177213e-20
0.06083333333333333	4.926404928873481e-19
0.07625	3.0282756377685327e-18
0.09166666666666667	1.3094659816927746e-17
0.10708333333333334	4.4783741381614554e-17
0.1225	1.3025992396215234e-16
0.1379166666666667	3.338686545904962e-16
0.15333333333333332	7.691609410903266e-16
0.16875	1.6700807675764885e-15
0.18416666666666667	3.3626487227676043e-15
0.19958333333333333	6.30537386772156e-15
0.21500000000000002	1.1270577199940383e-14
0.2304166666666667	1.9318819569282344e-14
0.24583333333333338	3.211681930647847e-14
0.26125	5.097337273138207e-14
0.27666666666666667	7.89945149314006e-14
0.29208333333333336	1.18302547838422e-13
0.30750000000000005	1.737875743014261e-13
0.32291666666666663	2.509029000383008e-13
0.3383333333333334	3.5919533713893325e-13
0.35375	5.178183999802381e-13
0.3691666666666667	7.665057364208738e-13
0.38458333333333333	0.0
0.4	0.0
