0.03	1.0775984707532673e-20
0.04541666666666667	2.986277591601314e-19
0.06083333333333333	3.088407107033743e-18
0.07625	1.88053089306514e-17
0.09166666666666667	8.282117453376258e-17
0.10708333333333334	2.8845329421117497e-16
0.1225	8.445562885082534e-16
0.1379166666666667	2.184360081535055e-15
0.15333333333333332	5.140980580574636e-15
0.16875	1.1123268007926572e-14
0.18416666666666667	2.235602183490112e-14
0.19958333333333333	4.267667263398639e-14
0.21500000000000002	7.809798781609409e-14
0.2304166666666667	1.3456655149363035e-13
0.24583333333333338	2.2595713534695193e-13
0.26125	3.6494281689973214e-13
0.27666666666666667	5.751379469312897e-13
0.29208333333333336	8.861613354256519e-13
0.30750000000000005	1.3386913349601575e-12
0.32291666666666663	1.962552376398846e-12
0.3383333333333334	2.9070918770582158e-12
0.35375	4.297654140815289e-12
0.3691666666666667	6.598797148315587e-12
0.38458333333333333	0.0
0.4	0.0
