0.03	7.613937215022727e-26
0.04541666666666667	8.233536089533376e-24
0.06083333333333333	2.344444464078186e-22
0.07625	3.3199818727888488e-21
0.09166666666666667	3.009333854118138e-20
0.10708333333333334	1.8447981136173163e-19
0.1225	9.344016395448937e-19
0.1379166666666667	3.883444129316964e-18
0.15333333333333332	1.3683086972886542e-17
0.16875	4.4252408914843433e-17
0.18416666666666667	1.1946300374389446e-16
0.19958333333333333	2.935793379357301e-16
0.21500000000000002	6.486825464247295e-16
0.2304166666666667	1.3464801990035473e-15
0.24583333333333338	2.624358317521267e-15
0.26125	4.860203001236629e-15
0.27666666666666667	8.659350891399788e-15
0.29208333333333336	1.488985591122703e-14
0.30750000000000005	2.493928051114058e-14
0.32291666666666663	4.0876760607195466e-14
0.3383333333333334	6.487094344927278e-14
0.35375	1.0303783663765229e-13
0.3691666666666667	0.0
0.38458333333333333	0.0
0.4	0.0
