0.03	1.2116247122138287e-21
0.04541666666666667	3.338578803664887e-20
0.06083333333333333	3.4296752760773347e-19
0.07625	2.1003203558356352e-18
0.09166666666666667	9.017121470186855e-18
0.10708333333333334	3.1310412273248654e-17
0.1225	9.126516027319859e-17
0.1379166666666667	2.323597840180772e-16
0.15333333333333332	5.384603864309456e-16
0.16875	1.1861422777685404e-15
0.18416666666666667	2.370447687972106e-15
0.19958333333333333	4.458947125077396e-15
0.21500000000000002	7.998420045258857e-15
0.2304166666666667	1.3690498040764337e-14
0.24583333333333338	2.2510971915423678e-14
0.26125	3.572073096457668e-14
0.27666666666666667	5.5778839679375415e-14
0.29208333333333336	8.322309552389645e-14
0.30750000000000005	1.2236666272709026e-13
0.32291666666666663	1.7822687424032175e-13
0.3383333333333334	2.5497731566301215e-13
0.35375	3.653471033897326e-13
0.3691666666666667	5.594229104866977e-13
0.38458333333333333	0.0
0.4	0.0
