0.03	7.5594928050984e-21
0.04541666666666667	2.0893767011499812e-19
0.06083333333333333	2.189969681301498e-18
0.07625	1.3158333913411349e-17
0.09166666666666667	5.758328594586073e-17
0.10708333333333334	2.0237405136891926e-16
0.1225	5.908315101355275e-16
0.1379166666666667	1.5371018834951377e-15
0.15333333333333332	3.5481243676576745e-15
0.16875	7.678511177260917e-15
0.18416666666666667	1.546209302516746e-14
0.19958333333333333	2.94863283083187e-14
0.21500000000000002	5.303966283230598e-14
0.2304166666666667	9.125817247047265e-14
0.24583333333333338	1.5285445757140368e-13
0.26125	2.4824111992356976e-13
0.27666666666666667	3.898208959136491e-13
0.29208333333333336	5.972862682149522e-13
0.30750000000000005	8.881827965590601e-13
0.32291666666666663	1.3189623288610077e-12
0.3383333333333334	1.924427916553419e-12
0.35375	2.840833619540434e-12
0.3691666666666667	4.345657651543772e-12
0.38458333333333333	0.0
0.4	0.0
