0.03	4.0655932312935035e-23
0.04541666666666667	1.1178474274606045e-21
0.06083333333333333	1.1506406243464796e-20
0.07625	6.99837617113257e-20
0.09166666666666667	3.0030401696585327e-19
0.10708333333333334	1.0283985295678064e-18
0.1225	2.974651056803176e-18
0.1379166666666667	7.627797026767633e-18
0.15333333333333332	1.734052657190091e-17
0.16875	3.657941457270886e-17
0.18416666666666667	7.125258082080973e-17
0.19958333333333333	1.3190880674168063e-16
0.21500000000000002	2.327788634128728e-16
0.2304166666666667	3.912371050786109e-16
0.24583333333333338	6.282004543992109e-16
0.26125	9.776057039446754e-16
0.27666666666666667	1.4841855722055823e-15
0.29208333333333336	2.1797750476202037e-15
0.30750000000000005	3.11398403094338e-15
0.32291666666666663	4.344840467911567e-15
0.3383333333333334	6.074864134816675e-15
0.35375	8.50139681592907e-15
0.3691666666666667	1.232680073528641e-14
0.38458333333333333	0.0
0.4	0.0
