0.03	1.392075561076395e-23
0.04541666666666667	3.85941845018669e-22
0.06083333333333333	3.952589797643941e-21
0.07625	2.3355582122079354e-20
0.09166666666666667	9.646841524159154e-20
0.10708333333333334	3.145864584654314e-19
0.1225	8.286051847442212e-19
0.1379166666666667	1.8713531818679614e-18
0.15333333333333332	3.781203147770639e-18
0.16875	7.129599359264851e-18
0.18416666666666667	1.3078629054803956e-17
0.19958333333333333	2.3604840817286274e-17
0.21500000000000002	4.1828094608516643e-17
0.2304166666666667	7.298729868209706e-17
0.24583333333333338	1.23775190838459e-16
0.26125	2.0596310812071775e-16
0.27666666666666667	3.357730560035474e-16
0.29208333333333336	5.327254832025258e-16
0.30750000000000005	8.316048669203027e-16
0.32291666666666663	1.2672783378644404e-15
0.3383333333333334	1.9454191152546267e-15
0.35375	3.1005398417211337e-15
0.3691666666666667	0.0
0.38458333333333333	0.0
0.4	0.0
