0.03	4.853394408565855e-22
0.04541666666666667	1.3388512248778036e-20
0.06083333333333333	1.4135404265685816e-19
0.07625	8.630121438751302e-19
0.09166666666666667	3.836213701822773e-18
0.10708333333333334	1.3160552504298676e-17
0.1225	3.9117955821288505e-17
0.1379166666666667	1.0171622631111516e-16
0.15333333333333332	2.43667574437081e-16
0.16875	5.310402698078167e-16
0.18416666666666667	1.080322007282653e-15
0.19958333333333333	2.0980872307417476e-15
0.21500000000000002	3.852850646903211e-15
0.2304166666666667	6.837423142406286e-15
0.24583333333333338	1.1611288417554334e-14
0.26125	1.929382277001647e-14
0.27666666666666667	3.052665023572117e-14
0.29208333333333336	4.771937322295592e-14
0.30750000000000005	7.493401195047977e-14
0.32291666666666663	1.114303358501215e-13
0.3383333333333334	1.6753195678641298e-13
0.35375	2.4972304557806856e-13
0.3691666666666667	0.0
0.38458333333333333	0.0
0.4	0.0
