0.029999999999999995	7.717405486781147e-28
0.03608051830281039	7.645576563030742e-27
0.043393460033314527	4.450546557297209e-26
0.05218861763180923	7.011448898340618e-25
0.06276641245542887	8.103976694961399e-24
0.07548815644666158	2.9299283714539136e-22
0.09078839367730626	2.791986343843039e-21
0.10918974332522684	1.4762239347917423e-20
0.1313207510841672	1.4623483133318144e-19
0.15793735876770343	2.108802236002214e-18
0.18994872545718855	3.739691222833742e-17
0.22844828218178667	2.2838899009182773e-16
0.27475108088351824	6.072370232166233e-16
0.33043871341782405	4.476489104063989e-14
0.3974133349142973	3.681725631207766e-14
0.47796263680520745	3.176097748380544e-12
0.5748379888436601	3.814663700713418e-9
0.6913484192541468	4.285524284307428e-7
0.8314736431506091	0.0002875673896174673
1.0	32.07654582189942
