0.03	3.203538542463677e-23
0.04541666666666667	8.939262110533928e-22
0.06083333333333333	9.271844712089638e-21
0.07625	5.778390718830062e-20
0.09166666666666667	2.5556495573697947e-19
0.10708333333333334	9.109831197545406e-19
0.1225	2.771481602127935e-18
0.1379166666666667	7.280683455064104e-18
0.15333333333333332	1.756803831828648e-17
0.16875	4.036325953111459e-17
0.18416666666666667	8.430394929086711e-17
0.19958333333333333	1.6770453516116666e-16
0.21500000000000002	3.1499436686343305e-16
0.2304166666666667	5.744870972184972e-16
0.24583333333333338	1.017932046528094e-15
0.26125	1.721980370073658e-15
0.27666666666666667	2.88028559215001e-15
0.29208333333333336	4.620590201027172e-15
0.30750000000000005	7.401327523385202e-15
0.32291666666666663	1.1624413579828113e-14
0.3383333333333334	1.8380140354333426e-14
0.35375	2.8529691842651416e-14
0.3691666666666667	0.0
0.38458333333333333	0.0
0.4	0.0
