0.03	2.2004722557256766e-21
0.04541666666666667	6.081171649360615e-20
0.06083333333333333	6.392021690891446e-19
0.07625	3.952684212370727e-18
0.09166666666666667	1.752019825361851e-17
0.10708333333333334	6.117441480348177e-17
0.1225	1.8377313928760117e-16
0.1379166666666667	4.814563860429554e-16
0.15333333333333332	1.1483860150147273e-15
0.16875	2.5190966880645764e-15
0.18416666666666667	5.221167967780336e-15
0.19958333333333333	1.0177001836960941e-14
0.21500000000000002	1.905813894038162e-14
0.2304166666666667	3.425830652619336e-14
0.24583333333333338	5.948714755480652e-14
0.26125	1.0071637432497188e-13
0.27666666666666667	1.6379825165376363e-13
0.29208333333333336	2.6399256582475274e-13
0.30750000000000005	4.2138424698096206e-13
0.32291666666666663	6.580789538737247e-13
0.3383333333333334	1.0399940035633117e-12
0.35375	1.6807007108342363e-12
0.3691666666666667	0.0
0.38458333333333333	0.0
0.4	0.0
