0.03	8.330826981872032e-22
0.05482758620689655	1.0392989385776711e-19
0.07965517241379311	2.0587447223835776e-18
0.10448275862068966	1.7994676647599187e-17
0.1293103448275862	9.946116013356907e-17
0.15413793103448276	4.055231705224366e-16
0.17896551724137932	1.3511011994517042e-15
0.20379310344827586	3.914551043430531e-15
0.2286206896551724	9.918858142521129e-15
0.253448275862069	2.2712841142092458e-14
0.27827586206896554	4.878816590503504e-14
0.303103448275862	9.777803494117512e-14
0.3279310344827586	1.8433671576314916e-13
0.3527586206896552	3.4140273157552354e-13
0.3775862068965517	5.936753128823654e-13
0.4024137931034483	1.0200924640018736e-12
0.42724137931034484	1.657079451400326e-12
0.4520689655172413	2.6799055847722143e-12
0.476896551724138	4.236044307113016e-12
0.5017241379310344	6.506923661372906e-12
0.526551724137931	9.871595866448195e-12
0.5513793103448276	1.4649348072164462e-11
0.5762068965517241	2.153352726854821e-11
0.6010344827586207	3.1027497280363515e-11
0.6258620689655172	4.4354980413836825e-11
0.6506896551724138	6.338136545387784e-11
0.6755172413793104	2.890307649112358e-11
0.7003448275862069	5.71973907278346e-20
0.7251724137931035	5.109049325621734e-21
0.75	0.0
