0.029999999999999995	1.0451996614891574e-21
0.03608051830281039	4.591801425574342e-21
0.043393460033314527	2.0300507507856343e-20
0.05218861763180923	8.813792144401315e-20
0.06276641245542887	3.89421215626429e-19
0.07548815644666158	1.7068603569673417e-18
0.09078839367730626	7.525139902486622e-18
0.10918974332522684	3.326902957105399e-17
0.1313207510841672	1.4738928442610541e-16
0.15793735876770343	6.600559798189995e-16
0.18994872545718855	2.940580945207141e-15
0.22844828218178667	1.3409593638990828e-14
0.27475108088351824	6.200639572210597e-14
0.33043871341782405	2.9010792643437074e-13
0.3974133349142973	1.4160553859427247e-12
0.47796263680520745	7.200204823047935e-12
0.5748379888436601	3.828342533573767e-11
0.6913484192541468	2.2786763300995016e-10
0.8314736431506091	1.7068912036538491e-9
1.0	1.677704558504584e-9
