0.03	1.0190126168398003e-20
0.04541666666666667	2.809437936992704e-19
0.06083333333333333	2.936684440817582e-18
0.07625	1.7931818117132997e-17
0.09166666666666667	7.962819176481225e-17
0.10708333333333334	2.8264291177808524e-16
0.1225	8.525841490994809e-16
0.1379166666666667	2.27952467233898e-15
0.15333333333333332	5.418968338576907e-15
0.16875	1.1773414898453513e-14
0.18416666666666667	2.3214537916953006e-14
0.19958333333333333	4.291880002031007e-14
0.21500000000000002	7.488087652859311e-14
0.2304166666666667	1.3181920223224865e-13
0.24583333333333338	2.290967862207003e-13
0.26125	3.9853420904471525e-13
0.27666666666666667	6.395844493699657e-13
0.29208333333333336	9.551402698943584e-13
0.30750000000000005	1.3986068117808513e-12
0.32291666666666663	2.1262697437839193e-12
0.3383333333333334	3.30841366514894e-12
0.35375	4.682092929058737e-12
0.3691666666666667	6.245781781654211e-12
0.38458333333333333	0.0
0.4	0.0
