0.029999999999999995	8.259099987685093e-22
0.03608051830281039	3.615430752394519e-21
0.043393460033314527	1.5872110995949092e-20
0.05218861763180923	6.941311880270789e-20
0.06276641245542887	3.0699225134383843e-19
0.07548815644666158	1.3344228831542932e-18
0.09078839367730626	5.822703601454662e-18
0.10918974332522684	2.5576965557959126e-17
0.1313207510841672	1.1121567660902566e-16
0.15793735876770343	4.821075535076079e-16
0.18994872545718855	2.1108793618405697e-15
0.22844828218178667	9.155688896275675e-15
0.27475108088351824	3.986869075561187e-14
0.33043871341782405	1.7079639707278839e-13
0.3974133349142973	7.101276462107635e-13
0.47796263680520745	2.8320424650215982e-12
0.5748379888436601	1.0109224638930103e-11
0.6913484192541468	2.4254366709939904e-11
0.8314736431506091	3.919909026654393e-13
1.0	2.740793602091395e-9
