0.03	4.0454052191442266e-22
0.04541666666666667	1.1080831058309847e-20
0.06083333333333333	1.140158192385295e-19
0.07625	6.937794820432003e-19
0.09166666666666667	3.0128008890791854e-18
0.10708333333333334	1.0439961001768094e-17
0.1225	3.038957586269761e-17
0.1379166666666667	7.798951657467891e-17
0.15333333333333332	1.7986709396143248e-16
0.16875	3.935969611619883e-16
0.18416666666666667	7.971399945021514e-16
0.19958333333333333	1.4984160711104348e-15
0.21500000000000002	2.706212137301678e-15
0.2304166666666667	4.675324973066102e-15
0.24583333333333338	7.656481948274824e-15
0.26125	1.2355933338681379e-14
0.27666666666666667	1.9436473194485008e-14
0.29208333333333336	2.9114484864419987e-14
0.30750000000000005	4.3278176578984953e-14
0.32291666666666663	6.29982063293889e-14
0.3383333333333334	9.159914637970807e-14
0.35375	1.3051174689099852e-13
0.3691666666666667	1.9554978592134672e-13
0.38458333333333333	0.0
0.4	0.0
