0.03	1.2390913750723503e-24
0.05482758620689655	9.734996614383355e-23
0.07965517241379311	1.6225702332702234e-21
0.10448275862068966	1.3031579029856344e-20
0.1293103448275862	7.148012527989464e-20
0.15413793103448276	3.0061537310098027e-19
0.17896551724137932	1.0492473663584453e-18
0.20379310344827586	3.168076663352177e-18
0.2286206896551724	8.52602505631386e-18
0.253448275862069	2.0623418122327007e-17
0.27827586206896554	4.723151596791242e-17
0.303103448275862	1.0126381378975542e-16
0.3279310344827586	2.052748582620542e-16
0.3527586206896552	3.9844482891149333e-16
0.3775862068965517	7.297724825173164e-16
0.4024137931034483	9.770519822090504e-16
0.42724137931034484	1.6643901792831059e-15
0.4520689655172413	2.7590680274260364e-15
0.476896551724138	4.469944407279318e-15
0.5017241379310344	7.037439238631577e-15
0.526551724137931	1.0779753067825852e-14
0.5513793103448276	1.6121912813450228e-14
0.5762068965517241	2.3668321589678264e-14
0.6010344827586207	3.377841665260128e-14
0.6258620689655172	4.6144077037402493e-14
0.6506896551724138	6.12169331162664e-14
0.6755172413793104	4.3730003423925623e-13
0.7003448275862069	6.419691090921989e-13
0.7251724137931035	9.241916557483173e-13
0.75	0.0
