0.029999999999999995	1.8635642797820214e-21
0.03608051830281039	8.195513762330557e-21
0.043393460033314527	3.563155893264466e-20
0.05218861763180923	1.581424548633818e-19
0.06276641245542887	6.869501642388964e-19
0.07548815644666158	3.0083553088335186e-18
0.09078839367730626	1.3209480956112454e-17
0.10918974332522684	5.827103767014243e-17
0.1313207510841672	2.5412066008480817e-16
0.15793735876770343	1.1072082301809294e-15
0.18994872545718855	4.908201218672737e-15
0.22844828218178667	2.1506563664086064e-14
0.27475108088351824	9.517585647299736e-14
0.33043871341782405	4.2457071383947055e-13
0.3974133349142973	1.882158987544981e-12
0.47796263680520745	8.291604027239275e-12
0.5748379888436601	3.733953974894358e-11
0.6913484192541468	1.623419867777345e-10
0.8314736431506091	6.519780221476993e-10
1.0	3.8724151736516603e-10
