0.03	4.783488267687915e-22
0.04541666666666667	1.3142028690863727e-20
0.06083333333333333	1.3952387095133848e-19
0.07625	8.534505457859585e-19
0.09166666666666667	3.755042253749081e-18
0.10708333333333334	1.2942866643787958e-17
0.1225	3.9064059772863596e-17
0.1379166666666667	1.0140323739600338e-16
0.15333333333333332	2.4073461847312617e-16
0.16875	5.115606528549765e-16
0.18416666666666667	1.0336320458726551e-15
0.19958333333333333	1.974847171384357e-15
0.21500000000000002	3.6424673448702504e-15
0.2304166666666667	6.42210185196034e-15
0.24583333333333338	1.0854062618971895e-14
0.26125	1.7598770958638545e-14
0.27666666666666667	2.8092038822883374e-14
0.29208333333333336	4.3905626126891064e-14
0.30750000000000005	6.654482835880377e-14
0.32291666666666663	9.987859039995027e-14
0.3383333333333334	1.4995889928822284e-13
0.35375	2.27758067284715e-13
0.3691666666666667	0.0
0.38458333333333333	0.0
0.4	0.0
