0.03	1.7001893868066201e-22
0.04541666666666667	3.2753724568056345e-21
0.06083333333333333	2.7442306078402926e-20
0.07625	1.4490849178443924e-19
0.09166666666666667	5.892953717813235e-19
0.10708333333333334	1.868692278801135e-18
0.1225	5.206898622267472e-18
0.1379166666666667	1.2867281854522665e-17
0.15333333333333332	2.896549942547182e-17
0.16875	6.851162365233736e-17
0.18416666666666667	1.3494787069784997e-16
0.19958333333333333	2.472295350530652e-16
0.21500000000000002	4.3548823824718314e-16
0.2304166666666667	7.280968564806023e-16
0.24583333333333338	1.1685548636891263e-15
0.26125	1.824589746381776e-15
0.27666666666666667	2.7690405820574076e-15
0.29208333333333336	4.036261716265952e-15
0.30750000000000005	5.722410501959945e-15
0.32291666666666663	7.867490832951478e-15
0.3383333333333334	1.0600361232330503e-14
0.35375	1.3919658967804105e-14
0.3691666666666667	0.0
0.38458333333333333	0.0
0.4	0.0
