0.03	3.0011042420859236e-22
0.04541666666666667	8.171670048383729e-21
0.06083333333333333	8.485161693348695e-20
0.07625	5.17152645972805e-19
0.09166666666666667	2.249316122510787e-18
0.10708333333333334	7.746344953379531e-18
0.1225	2.246161388956795e-17
0.1379166666666667	5.746022095075893e-17
0.15333333333333332	1.3318352018545361e-16
0.16875	2.8769938700930607e-16
0.18416666666666667	5.682435922542197e-16
0.19958333333333333	1.0683922491494263e-15
0.21500000000000002	1.8875558238852254e-15
0.2304166666666667	3.231312844067238e-15
0.24583333333333338	5.246454432996784e-15
0.26125	8.269295869813787e-15
0.27666666666666667	1.2523094647533964e-14
0.29208333333333336	1.8643176907723575e-14
0.30750000000000005	2.6913565062021214e-14
0.32291666666666663	3.793757518444839e-14
0.3383333333333334	5.335603307676026e-14
0.35375	7.530284496355457e-14
0.3691666666666667	0.0
0.38458333333333333	0.0
0.4	0.0
