0.029999999999999995	4.200631839239117e-22
0.03608051830281039	1.8334593143648003e-21
0.043393460033314527	8.053691814362233e-21
0.05218861763180923	3.5156102790533274e-20
0.06276641245542887	1.5321912844690344e-19
0.07548815644666158	6.662528362316698e-19
0.09078839367730626	2.9072001773834213e-18
0.10918974332522684	1.2628666151585003e-17
0.1313207510841672	5.4585777638873704e-17
0.15793735876770343	2.342219876164595e-16
0.18994872545718855	9.922212489618409e-16
0.22844828218178667	4.1788237725864734e-15
0.27475108088351824	1.7056401344205493e-14
0.33043871341782405	6.618088537250129e-14
0.3974133349142973	2.381508354846246e-13
0.47796263680520745	6.946306652018103e-13
0.5748379888436601	1.0862037425993767e-12
0.6913484192541468	5.133701396303827e-13
0.8314736431506091	2.428208805972759e-10
1.0	8.706730193904059e-10
