0.03	4.0561377968841885e-23
0.04541666666666667	1.1302702136170112e-21
0.06083333333333333	1.1748116926643731e-20
0.07625	7.251396522036395e-20
0.09166666666666667	3.187876610893188e-19
0.10708333333333334	1.1190755977217953e-18
0.1225	3.330382888264153e-18
0.1379166666666667	8.726626253523665e-18
0.15333333333333332	2.0826726638757364e-17
0.16875	4.666839344496645e-17
0.18416666666666667	9.703187748853393e-17
0.19958333333333333	1.8845219515211966e-16
0.21500000000000002	3.520718908226015e-16
0.2304166666666667	6.338049372535783e-16
0.24583333333333338	1.0906738822938173e-15
0.26125	1.8345465415571097e-15
0.27666666666666667	2.9922484668734156e-15
0.29208333333333336	4.699593376131518e-15
0.30750000000000005	7.35113458707602e-15
0.32291666666666663	1.1271406981985894e-14
0.3383333333333334	1.7258012979623838e-14
0.35375	2.6273326435447038e-14
0.3691666666666667	0.0
0.38458333333333333	0.0
0.4	0.0
