0.029999999999999995	5.221218758692837e-22
0.03608051830281039	2.284368203686217e-21
0.043393460033314527	1.0019939321741403e-20
0.05218861763180923	4.3369982363722055e-20
0.06276641245542887	1.9141253660941915e-19
0.07548815644666158	8.36839065589296e-19
0.09078839367730626	3.648899778228765e-18
0.10918974332522684	1.5920253831020756e-17
0.1313207510841672	6.955177692110775e-17
0.15793735876770343	3.029770661964584e-16
0.18994872545718855	1.3315154332720103e-15
0.22844828218178667	5.811212982322678e-15
0.27475108088351824	2.4882549256514745e-14
0.33043871341782405	1.0722724700594297e-13
0.3974133349142973	4.641856571791186e-13
0.47796263680520745	1.9350228894264907e-12
0.5748379888436601	7.8559710522343e-12
0.6913484192541468	2.954116989338812e-11
0.8314736431506091	9.162132892405122e-11
1.0	7.028492588097271e-13
