0.03	2.646335513524738e-22
0.04541666666666667	7.354847007640237e-21
0.06083333333333333	7.694742188360404e-20
0.07625	4.75621294902005e-19
0.09166666666666667	2.10532008236725e-18
0.10708333333333334	7.385489692007739e-18
0.1225	2.2038489716678468e-17
0.1379166666666667	5.758745828001868e-17
0.15333333333333332	1.381047638856187e-16
0.16875	3.043977159503433e-16
0.18416666666666667	6.24287476106419e-16
0.19958333333333333	1.2220158546501426e-15
0.21500000000000002	2.268545743459713e-15
0.2304166666666667	4.084875339754729e-15
0.24583333333333338	7.076882097469848e-15
0.26125	1.1868297500473577e-14
0.27666666666666667	1.9430093030831292e-14
0.29208333333333336	3.144393101221097e-14
0.30750000000000005	4.9705959408888404e-14
0.32291666666666663	7.820033015018544e-14
0.3383333333333334	1.2392412790419665e-13
0.35375	2.0025252386999474e-13
0.3691666666666667	0.0
0.38458333333333333	0.0
0.4	0.0
