0.03	1.9761215745275337e-25
0.04541666666666667	4.664212335782317e-24
0.06083333333333333	3.831858375443829e-23
0.07625	1.7457311642055163e-22
0.09166666666666667	5.064439114183003e-22
0.10708333333333334	5.999548464626289e-22
0.1225	2.3561221045272104e-22
0.1379166666666667	5.731719510094026e-22
0.15333333333333332	1.4441165496031883e-20
0.16875	1.5598644137847627e-19
0.18416666666666667	6.474223791074619e-19
0.19958333333333333	2.170944416476425e-18
0.21500000000000002	6.4112398498721915e-18
0.2304166666666667	1.686826757448348e-17
0.24583333333333338	4.12447832056128e-17
0.26125	9.622308971876788e-17
0.27666666666666667	2.0959188605456782e-16
0.29208333333333336	4.399750777547849e-16
0.30750000000000005	8.805134324320239e-16
0.32291666666666663	1.7325373790766423e-15
0.3383333333333334	3.3028273813153255e-15
0.35375	6.164883982236035e-15
0.3691666666666667	0.0
0.38458333333333333	0.0
0.4	0.0
