0.03	3.805205764931459e-22
0.04541666666666667	1.0471930416429643e-20
0.06083333333333333	1.0831470470818728e-19
0.07625	6.607585807781227e-19
0.09166666666666667	2.8940536035982945e-18
0.10708333333333334	9.996668369869267e-18
0.1225	2.9378348344542336e-17
0.1379166666666667	7.58439042712118e-17
0.15333333333333332	1.7641909125444972e-16
0.16875	3.787224749631948e-16
0.18416666666666667	7.634392338351223e-16
0.19958333333333333	1.4479549571318874e-15
0.21500000000000002	2.600706877629706e-15
0.2304166666666667	4.523012133459716e-15
0.24583333333333338	7.526947672654125e-15
0.26125	1.209743249191795e-14
0.27666666666666667	1.8859247376799476e-14
0.29208333333333336	2.8593100225812985e-14
0.30750000000000005	4.2657401283073035e-14
0.32291666666666663	6.162215124976404e-14
0.3383333333333334	8.906209639252801e-14
0.35375	1.2798483005020407e-13
0.3691666666666667	0.0
0.38458333333333333	0.0
0.4	0.0
