0.03	5.686807297247581e-24
0.04541666666666667	1.564376784067388e-22
0.06083333333333333	1.6286804515766888e-21
0.07625	9.895938668517895e-21
0.09166666666666667	4.272503505158522e-20
0.10708333333333334	1.4532596535110715e-19
0.1225	4.2477710609995726e-19
0.1379166666666667	1.074249504187717e-18
0.15333333333333332	2.4806634539089426e-18
0.16875	5.262533308394444e-18
0.18416666666666667	1.0327468668543436e-17
0.19958333333333333	1.9220881823361285e-17
0.21500000000000002	3.418816765813703e-17
0.2304166666666667	5.730118759817392e-17
0.24583333333333338	9.394947568426666e-17
0.26125	1.481914637072709e-16
0.27666666666666667	2.2340039432750975e-16
0.29208333333333336	3.33656043721643e-16
0.30750000000000005	4.783750848111835e-16
0.32291666666666663	6.728987222217946e-16
0.3383333333333334	9.42647626452208e-16
0.35375	1.2992979779508429e-15
0.3691666666666667	0.0
0.38458333333333333	0.0
0.4	0.0
