0.03	1.2255557799608096e-22
0.04541666666666667	3.3973262684789186e-21
0.06083333333333333	3.550182868178993e-20
0.07625	2.1885308651208196e-19
0.09166666666666667	9.604355360715752e-19
0.10708333333333334	3.341006022092874e-18
0.1225	9.865334532082633e-18
0.1379166666666667	2.576984485310179e-17
0.15333333333333332	6.062625396977873e-17
0.16875	1.3188263842367965e-16
0.18416666666666667	2.675477089975354e-16
0.19958333333333333	5.193812710323191e-16
0.21500000000000002	9.592774118950073e-16
0.2304166666666667	1.690464526284567e-15
0.24583333333333338	2.886348587806346e-15
0.26125	4.746052919411638e-15
0.27666666666666667	7.592164803291988e-15
0.29208333333333336	1.1916545950840069e-14
0.30750000000000005	1.7973514758539913e-14
0.32291666666666663	2.6364353161127386e-14
0.3383333333333334	3.819484156879986e-14
0.35375	5.246914757850455e-14
0.3691666666666667	0.0
0.38458333333333333	0.0
0.4	0.0
