0.03	1.8020072613035537e-23
0.04541666666666667	5.057752405690031e-22
0.06083333333333333	5.306635035455817e-21
0.07625	3.2828522156816034e-20
0.09166666666666667	1.4586434854017812e-19
0.10708333333333334	5.1182219135971845e-19
0.1225	1.5493146641262624e-18
0.1379166666666667	4.098044445129544e-18
0.15333333333333332	9.762010870282677e-18
0.16875	2.2378334372170806e-17
0.18416666666666667	4.667646692893837e-17
0.19958333333333333	9.243820538941717e-17
0.21500000000000002	1.734346961526346e-16
0.2304166666666667	3.154392884037782e-16
0.24583333333333338	5.547209913260557e-16
0.26125	9.280114264049457e-16
0.27666666666666667	1.5508663323687954e-15
0.29208333333333336	2.488078815345443e-15
0.30750000000000005	3.9618097669369474e-15
0.32291666666666663	6.2060323661803015e-15
0.3383333333333334	9.551122180979665e-15
0.35375	1.5034554088745224e-14
0.3691666666666667	0.0
0.38458333333333333	0.0
0.4	0.0
