0.03	1.8060053907886603e-24
0.04541666666666667	4.8275718100611985e-23
0.06083333333333333	4.878632963140235e-22
0.07625	2.8472141157707376e-21
0.09166666666666667	1.1684353593391573e-20
0.10708333333333334	3.77690579828207e-20
0.1225	1.017563999502902e-19
0.1379166666666667	2.387297313434754e-19
0.15333333333333332	4.91108590692355e-19
0.16875	9.173319396951228e-19
0.18416666666666667	1.5533288610769386e-18
0.19958333333333333	2.3650465587861686e-18
0.21500000000000002	3.2663068092970213e-18
0.2304166666666667	3.991328885806817e-18
0.24583333333333338	4.170974257657016e-18
0.26125	3.335135840290909e-18
0.27666666666666667	1.4977793202833012e-18
0.29208333333333336	1.781966380720316e-21
0.30750000000000005	3.745805490713823e-18
0.32291666666666663	2.56024343430391e-17
0.3383333333333334	9.5861908629463e-17
0.35375	2.8365132746251973e-16
0.3691666666666667	0.0
0.38458333333333333	0.0
0.4	0.0
