0.029999999999999995	1.0696896409668993e-22
0.03608051830281039	4.713016707574315e-22
0.043393460033314527	2.0576418786707992e-21
0.05218861763180923	9.065371595296619e-21
0.06276641245542887	3.9674281081049885e-20
0.07548815644666158	1.7461349738869298e-19
0.09078839367730626	7.655147900425476e-19
0.10918974332522684	3.4056742758733706e-18
0.1313207510841672	1.509916178684822e-17
0.15793735876770343	6.708643281161008e-17
0.18994872545718855	3.0101918078141564e-16
0.22844828218178667	1.3698222533293392e-15
0.27475108088351824	6.311818988684372e-15
0.33043871341782405	2.983940774390857e-14
0.3974133349142973	1.4422075525529469e-13
0.47796263680520745	7.235626007750018e-13
0.5748379888436601	3.915272284504652e-12
0.6913484192541468	2.3327346068827916e-11
0.8314736431506091	1.8727311515515567e-10
1.0	1.7153250294020276e-10
