0.029999999999999995	1.4767570508396204e-23
0.03608051830281039	6.51692995162231e-23
0.043393460033314527	2.865092015670895e-22
0.05218861763180923	1.2585588400532045e-21
0.06276641245542887	5.584303204140668e-21
0.07548815644666158	2.470522557164491e-20
0.09078839367730626	1.105948910577482e-19
0.10918974332522684	4.916734552446401e-19
0.1313207510841672	2.2446267836874614e-18
0.15793735876770343	1.0285933673183688e-17
0.18994872545718855	4.855900541183955e-17
0.22844828218178667	2.3473720707587066e-16
0.27475108088351824	1.1738201767840156e-15
0.33043871341782405	6.220567488341408e-15
0.3974133349142973	3.4381034864296756e-14
0.47796263680520745	2.0458483489525264e-13
0.5748379888436601	1.2853334781761136e-12
0.6913484192541468	8.38613575362784e-12
0.8314736431506091	4.621736913897674e-11
1.0	4.553483105166718e-11
