0.029999999999999995	2.942978243277679e-22
0.03608051830281039	1.289614720498998e-21
0.043393460033314527	5.640242977076038e-21
0.05218861763180923	2.4606379705550958e-20
0.06276641245542887	1.0763902081571822e-19
0.07548815644666158	4.72613640096221e-19
0.09078839367730626	2.0454096649485765e-18
0.10918974332522684	8.998512125419193e-18
0.1313207510841672	3.916833827699955e-17
0.15793735876770343	1.7007304321717057e-16
0.18994872545718855	7.386438745547425e-16
0.22844828218178667	3.1625595989174217e-15
0.27475108088351824	1.3518039299212748e-14
0.33043871341782405	5.642382646099139e-14
0.3974133349142973	2.2470980114976736e-13
0.47796263680520745	8.286975398113014e-13
0.5748379888436601	2.38656579096673e-12
0.6913484192541468	2.3858280887873453e-12
0.8314736431506091	4.702521193799935e-11
1.0	1.5843528018932715e-9
