0.029999999999999995	1.213158842693332e-22
0.03608051830281039	5.281865409935257e-22
0.043393460033314527	2.3234120207721927e-21
0.05218861763180923	1.0169813018157998e-20
0.06276641245542887	4.467963812065368e-20
0.07548815644666158	1.9576941908729429e-19
0.09078839367730626	8.50130553537667e-19
0.10918974332522684	3.722529592388372e-18
0.1313207510841672	1.610355759724858e-17
0.15793735876770343	7.099879876538829e-17
0.18994872545718855	3.072269555378077e-16
0.22844828218178667	1.3397967013258999e-15
0.27475108088351824	5.713448881872888e-15
0.33043871341782405	2.4922287182705753e-14
0.3974133349142973	1.0413415974316336e-13
0.47796263680520745	4.3442720372104795e-13
0.5748379888436601	1.707619433769734e-12
0.6913484192541468	6.15466561891154e-12
0.8314736431506091	1.818605320844999e-11
1.0	2.4890845569052677e-11
