0.029999999999999995	2.09105575855439e-22
0.03608051830281039	9.28840512470166e-22
0.043393460033314527	4.046619771798596e-21
0.05218861763180923	1.769536855559013e-20
0.06276641245542887	7.778362429719139e-20
0.07548815644666158	3.3905537174089095e-19
0.09078839367730626	1.4915565943638162e-18
0.10918974332522684	6.519921988249886e-18
0.1313207510841672	2.8604729026776333e-17
0.15793735876770343	1.260610644768438e-16
0.18994872545718855	5.600166929500201e-16
0.22844828218178667	2.4607030623628358e-15
0.27475108088351824	1.098048783670957e-14
0.33043871341782405	4.8835653826571805e-14
0.3974133349142973	2.2074213843365775e-13
0.47796263680520745	9.952513082048287e-13
0.5748379888436601	4.584325547473405e-12
0.6913484192541468	2.0759546674022068e-11
0.8314736431506091	9.045264937119968e-11
1.0	2.7084662396691874e-10
