0.03	2.897038082552955e-23
0.05482758620689655	3.5378212205858785e-21
0.07965517241379311	7.049988517054193e-20
0.10448275862068966	6.210381707688273e-19
0.1293103448275862	3.388268858447374e-18
0.15413793103448276	1.3639885121810876e-17
0.17896551724137932	4.4507951161939057e-17
0.20379310344827586	1.2347275291733368e-16
0.2286206896551724	3.0559109156402546e-16
0.253448275862069	6.903517596698911e-16
0.27827586206896554	1.4198055028474606e-15
0.303103448275862	2.7762691244555324e-15
0.3279310344827586	5.095087692369461e-15
0.3527586206896552	8.837003595850336e-15
0.3775862068965517	1.4985628796544918e-14
0.4024137931034483	2.8367296479397794e-14
0.42724137931034484	4.513825582930119e-14
0.4520689655172413	7.069356107443378e-14
0.476896551724138	1.0518778345790221e-13
0.5017241379310344	1.5693574016773043e-13
0.526551724137931	2.2967463214119085e-13
0.5513793103448276	3.2931055052136577e-13
0.5762068965517241	4.596638224089784e-13
0.6010344827586207	6.280308598459886e-13
0.6258620689655172	8.550609201940702e-13
0.6506896551724138	1.1309888813380636e-12
0.6755172413793104	1.494362505216987e-12
0.7003448275862069	2.2504393904566575e-19
0.7251724137931035	2.605855269518732e-18
0.75	0.0
