0.029999999999999995	2.900042284059828e-23
0.03608051830281039	1.2658824330344846e-22
0.043393460033314527	5.598975048828437e-22
0.05218861763180923	2.4246136448372205e-21
0.06276641245542887	1.0522982778288206e-20
0.07548815644666158	4.6496744441627454e-20
0.09078839367730626	2.0265429505516497e-19
0.10918974332522684	8.881059080985464e-19
0.1313207510841672	3.862480468915544e-18
0.15793735876770343	1.673558956240883e-17
0.18994872545718855	7.289329427435274e-17
0.22844828218178667	3.134470289507709e-16
0.27475108088351824	1.3505668504216542e-15
0.33043871341782405	5.7491133552410714e-15
0.3974133349142973	2.4429004857051344e-14
0.47796263680520745	9.847678739847791e-14
0.5748379888436601	3.900132489648917e-13
0.6913484192541468	1.3667607462982546e-12
0.8314736431506091	3.79123145792668e-12
1.0	4.009356510400881e-12
