0.03	2.0458049616664797e-23
0.04541666666666667	5.623052293136334e-22
0.06083333333333333	5.8369546374441494e-21
0.07625	3.559694786549232e-20
0.09166666666666667	1.5320320425805546e-19
0.10708333333333334	5.295394908850095e-19
0.1225	1.5344082152381853e-18
0.1379166666666667	3.8934888357135536e-18
0.15333333333333332	9.074781059824549e-18
0.16875	1.9493196333426957e-17
0.18416666666666667	3.835535708931842e-17
0.19958333333333333	7.22533133893988e-17
0.21500000000000002	1.271110874636302e-16
0.2304166666666667	2.1649142944713712e-16
0.24583333333333338	3.537437637084808e-16
0.26125	5.618682597170171e-16
0.27666666666666667	8.559556992446619e-16
0.29208333333333336	1.269478630841442e-15
0.30750000000000005	1.875568283706275e-15
0.32291666666666663	2.6471219473537854e-15
0.3383333333333334	3.712088913601886e-15
0.35375	5.25141893402018e-15
0.3691666666666667	0.0
0.38458333333333333	0.0
0.4	0.0
