0.029999999999999995	0.2108868408203125
0.03216493407551647	0.2108868408203125
0.03448609946941072	0.2108868408203125
0.03697477053184332	0.2108868408203125
0.03964303522046969	0.2108868408203125
0.04250385381399284	0.2108868408203125
0.04557112186274896	0.2108868408203125
0.04885973768208833	0.2108868408203125
0.05238567471637997	0.2108868408203125
0.05616605912512711	0.2108868408203125
0.06021925296804245	0.2108868408203125
0.06456494339313121	0.2108868408203125
0.06922423826098399	0.2108868408203125
0.0742197686697465	0.2108868408203125
0.07957579887874938	0.2108868408203125
0.0853183441647177	0.2108868408203125
0.0914752971830124	0.2108868408203125
0.09807656344766247	0.2108868408203125
0.10515420658824243	0.2108868408203125
0.11274260408913528	0.2108868408203125
0.12087861426763635	0.2108868408203125
0.12960175530194365	0.2108868408203125
0.13895439717860794	0.2108868408203125
0.14898196749176865	0.2108868408203125
0.15973317209378257	0.2108868408203125
0.1712602316689882	0.2253619384765625
0.18361913537968952	0.2411529541015625
0.19686991281636837	0.2579608154296875
0.21107692557303895	0.2759051513671875
0.22630917986398325	0.2949261474609376
0.24264066170030735	0.31514343261718747
0.2601506962543363	0.3365570068359376
0.27892433315734794	0.35928649902343757
0.2990527596021164	0.38327209472656254
0.32063374325677857	0.4085137939453125
0.3437721071413453	0.4351312255859374
0.3685802387734255	0.46300476074218744
0.3951786360561784	0.4921942138671874
0.4236964925599834	0.5225230712890625
0.45427232504064763	0.5540736083984374
0.48705464624213424	0.5865360107421875
0.5222026862517418	0.6199102783203125
0.5598871659114963	0.6542572021484374
0.6002911260423679	0.6887257080078124
0.643610816509011	0.7233765869140625
0.6900566494433891	0.7578450927734375
0.7398542212572801	0.7917056884765625
0.7932454084077667	0.8245936279296875
0.8504895422380657	0.8559617919921876
0.9118646686001192	0.8854454345703124
0.9776688983771838	0.9124366455078126
1.048221855466165	0.9365706787109374
1.1238662292528254	0.9573004150390625
1.204969439120548	0.9742003173828124
1.2919254190774832	0.9870272216796876
1.3851565311703748	0.9955379638671875
