0.029999999999999995	0.3621575927734375
0.03221328108791445	0.3621575927734375
0.03458984928163294	0.3621575927734375
0.037141751256594614	0.3621575927734375
0.03988192244420276	0.3621575927734375
0.042824252600716955	0.3621575927734375
0.04598365621355823	0.3621575927734375
0.04937614810191256	0.3621575927734375
0.053018924594846806	0.3621575927734375
0.056930450698424735	0.3621575927734375
0.061130553693667065	0.3621575927734375
0.06564052363979818	0.3621575927734375
0.07048322129222383	0.3621575927734375
0.07568319398226944	0.3621575927734375
0.08126680004606676	0.3621575927734375
0.08726234243330964	0.3621575927734375
0.09370021217313501	0.3621575927734375
0.10061304242434747	0.3621575927734375
0.108035873890859	0.3621575927734375
0.11600633244082398	0.3621575927734375
0.12456481982981045	0.3621575927734375
0.13375471849477022	0.3621575927734375
0.1436226114568969	0.3621575927734375
0.15421851844804488	0.3621575927734375
0.16559614945761972	0.3621575927734375
0.1778131769851533	0.3621575927734375
0.19093152837859423	0.3621575927734375
0.2050176997401592	0.3621575927734375
0.22014309299091336	0.3621575927734375
0.23638437780263954	0.3621575927734375
0.25382388023160646	0.3621575927734375
0.272550000024196	0.3621575927734375
0.29265765870968397	0.3621575927734375
0.31424878075153306	0.3621575927734375
0.33743281019611815	0.3621575927734375
0.3623272654377481	0.3621575927734375
0.3890583349120527	0.3621575927734375
0.41776151673726397	0.4000201416015625
0.44858230554569894	0.4271759033203125
0.48167692998694467	0.45355407714843754
0.5172131446411048	0.4838800048828126
0.5553710803562693	0.5145594482421876
0.5963441573205078	0.5469002685546875
0.6403400654967002	0.5794234619140626
0.687581817389959	0.6137095947265625
0.7383088784840609	0.6468406982421875
0.7927783810769983	0.6803973388671876
0.8512664276685039	0.7180269775390626
0.9140694905063447	0.7514620361328126
0.981505914385588	0.7856873779296876
1.0539175303184487	0.8202774658203125
1.131671388254294	0.8531654052734374
1.2151616176328652	0.8839864501953125
1.3048114252017449	0.9102481689453124
1.4010752402248696	0.9366314697265625
1.5044410179560337	0.9551119384765625
1.6154327130535302	0.9714647216796874
1.7346129354735216	0.9797322998046873
1.8625858023047006	0.9894588623046874
2.0	0.9979696044921875
