0.12288795588956984	0.5676300048828125
0.13290180503690874	0.1363580322265625
0.14373165908903887	0.2580804443359376
0.22997561760031507	0.2632244873046875
0.24871578725766658	0.18606384277343752
0.2689830490583107	0.5083587646484375
0.2909018421325619	0.2293695068359375
0.3146067458614205	0.5013677978515625
0.34024330618164034	0.2674713134765625
0.3679689292244432	0.2881072998046875
0.3979538477747415	0.3104180908203126
0.4303821664848389	0.3342840576171875
0.4654529922601245	0.3594061279296875
0.5033816567572286	0.3866217041015625
0.5444010385006615	0.41491394042968743
0.5887629927356166	0.44553894042968745
0.6367398977960962	0.4773004150390625
0.6886263274829235	0.5103648681640627
0.7447408597198889	0.5462923583984374
0.8054280325930071	0.5831925048828124
0.8710604597827973	0.6194847412109374
0.9420411183781366	0.6593028564453125
1.0188058231186585	0.6976011962890625
1.1018259022573225	0.7360819091796875
1.1916110914726956	0.7465379638671874
1.2887126635993118	0.8115235595703125
1.3937268133923604	0.7149874267578125
1.5072983181088535	0.9697625732421875
1.630124496380901	0.8332259521484375
1.7629594896882121	0.8864180908203123
1.9066188927176821	0.9317681884765625
2.0619847610400286	0.9929847412109374
2.230011026850176	0.9818599853515626
