0.029999999999999995	0.2108868408203125
0.03216493407551647	0.2108868408203125
0.03448609946941072	0.2108868408203125
0.03697477053184332	0.2108868408203125
0.03964303522046969	0.2108868408203125
0.04250385381399284	0.2108868408203125
0.04557112186274896	0.2108868408203125
0.04885973768208833	0.2108868408203125
0.05238567471637997	0.2108868408203125
0.05616605912512711	0.2108868408203125
0.06021925296804245	0.2108868408203125
0.06456494339313121	0.2108868408203125
0.06922423826098399	0.2108868408203125
0.0742197686697465	0.2108868408203125
0.07957579887874938	0.2108868408203125
0.0853183441647177	0.2108868408203125
0.0914752971830124	0.2108868408203125
0.09807656344766247	0.2108868408203125
0.10515420658824243	0.2108868408203125
0.11274260408913528	0.2108868408203125
0.12087861426763635	0.2108868408203125
0.12960175530194365	0.2108868408203125
0.13895439717860794	0.2108868408203125
0.14898196749176865	0.2108868408203125
0.15973317209378257	0.2108868408203125
0.1712602316689882	0.22530212402343752
0.18361913537968952	0.24109313964843754
0.19686991281636837	0.25790100097656254
0.21107692557303895	0.27578552246093757
0.22630917986398325	0.29480651855468754
0.24264066170030735	0.3150238037109375
0.2601506962543363	0.33643737792968753
0.27892433315734794	0.35910705566406254
0.2990527596021164	0.38303283691406254
0.32063374325677857	0.4082745361328125
0.3437721071413453	0.43483215332031244
0.3685802387734255	0.4626458740234375
0.3951786360561784	0.4917755126953125
0.4236964925599834	0.5220367431640627
0.45427232504064763	0.5534656982421875
0.48705464624213424	0.5858065185546875
0.5222026862517418	0.6190592041015626
0.5598871659114963	0.6529197998046874
0.6002911260423679	0.6879354248046874
0.643610816509011	0.7224647216796876
0.6900566494433891	0.7567508544921875
0.7398542212572801	0.7904898681640626
0.7932454084077667	0.8231954345703125
0.8504895422380657	0.8543812255859373
0.9118646686001192	0.8836824951171875
0.9776688983771838	0.9105521240234373
1.048221855466165	0.9345645751953124
1.1238662292528254	0.9551727294921875
1.204969439120548	0.9721334228515626
1.2919254190774832	0.9851427001953126
1.3851565311703748	0.9948084716796874
