0.029999999999999995	0.1635137939453125
0.21264747716177024	0.16883728027343753
0.22997561760031507	0.17978332519531248
0.24871578725766658	0.1969500732421875
0.2689830490583107	0.2126214599609375
0.2909018421325619	0.2294891357421875
0.3146067458614205	0.2475531005859375
0.34024330618164034	0.2669927978515625
0.3679689292244432	0.28780822753906254
0.3979538477747415	0.31017883300781257
0.4303821664848389	0.3340447998046875
0.4654529922601245	0.3594061279296875
0.5033816567572286	0.3866217041015625
0.5444010385006615	0.41533264160156247
0.5887629927356166	0.44553894042968745
0.6367398977960962	0.47747985839843754
0.6886263274829235	0.5112767333984374
0.7447408597198889	0.5461099853515625
0.8054280325930071	0.5821590576171876
0.8710604597827973	0.6189984130859374
0.9420411183781366	0.6569927978515626
1.0188058231186585	0.6966285400390626
1.1018259022573225	0.7348052978515625
1.1916110914726956	0.7720093994140627
1.2887126635993118	0.8114627685546876
1.3937268133923604	0.8455665283203124
1.5072983181088535	0.8787584228515626
1.630124496380901	0.9074517822265624
1.7629594896882121	0.9338958740234373
1.9066188927176821	0.9472698974609375
2.0619847610400286	0.9723765869140626
2.230011026850176	0.9883646240234374
2.4117293560235193	0.9970577392578126
