0.029999999999999995	0.3756158447265625
0.03232215222702647	0.3756158447265625
0.03482405081956908	0.3756158447265625
0.037519609058393966	0.3756158447265625
0.04042381718279772	0.3756158447265625
0.04355282575266254	0.3756158447265625
0.046924035463157265	0.3756158447265625
0.05055619391155197	0.3756158447265625
0.05446949985427505	0.3756158447265625
0.05868571553399584	0.3756158447265625
0.06322828770139288	0.3756158447265625
0.06812247800462157	0.3756158447265625
0.07339550347158806	0.3756158447265625
0.07907668786626397	0.3756158447265625
0.08519762476074812	0.3756158447265625
0.09179235322993268	0.3756158447265625
0.098897547145829	0.3756158447265625
0.1065527191242338	0.3756158447265625
0.11480044025790272	0.3756158447265625
0.12368657685818632	0.3756158447265625
0.13326054552167027	0.3756158447265625
0.1435755879402673	0.3756158447265625
0.15468906698300497	0.3756158447265625
0.16666278569604615	0.3756158447265625
0.17956333099492977	0.3756158447265625
0.19346244396033546	0.3756158447265625
0.20843741879661803	0.3756158447265625
0.22457153267175872	0.3756158447265625
0.2419545088291079	0.3756158447265625
0.26068301554632833	0.3756158447265625
0.2808612037162911	0.3756158447265625
0.30260128603946196	0.3756158447265625
0.32602416104871573	0.3756158447265625
0.3512600854368395	0.3756158447265625
0.3784493984255953	0.3756158447265625
0.4077433022046229	0.3912872314453125
0.4393047027802762	0.41862243652343745
0.4733091159104236	0.4478717041015625
0.5099456431632011	0.4785565185546875
0.5494180235276639	0.5104256591796876
0.591945766424439	0.5434351806640627
0.6377653724171527	0.5785723876953126
0.6871316484131148	0.6138311767578126
0.7403191246672111	0.6501234130859375
0.7976235814690866	0.6876314697265624
0.8593636940036625	0.7238629150390625
0.9258828045322063	0.7619788818359374
0.9975508317492059	0.7978455810546876
1.0747663279331574	0.8319493408203125
1.157958695331259	0.7337110595703125
1.2475905741035311	0.8953543701171875
1.3441604151059234	0.9171175537109375
1.448205251819892	0.8693358154296875
1.5603036868433928	0.9182117919921875
1.6810791095514264	0.9580299072265626
1.9513994780911617	0.9976048583984374
