0.029999999999999995	0.5368089599609374
0.03216493407551647	0.5368089599609374
0.03448609946941072	0.5368089599609374
0.03697477053184332	0.5368089599609374
0.03964303522046969	0.5368089599609374
0.04250385381399284	0.5368089599609374
0.04557112186274896	0.5368089599609374
0.04885973768208833	0.5368089599609374
0.05238567471637997	0.5368089599609374
0.05616605912512711	0.5368089599609374
0.06021925296804245	0.5368089599609374
0.06456494339313121	0.5368089599609374
0.06922423826098399	0.5368089599609374
0.0742197686697465	0.5368089599609374
0.07957579887874938	0.5368089599609374
0.0853183441647177	0.5368089599609374
0.0914752971830124	0.5368089599609374
0.09807656344766247	0.5368089599609374
0.10515420658824243	0.5368089599609374
0.11274260408913528	0.5368089599609374
0.12087861426763635	0.5368089599609374
0.12960175530194365	0.5368089599609374
0.13895439717860794	0.5368089599609374
0.14898196749176865	0.5368089599609374
0.15973317209378257	0.5368089599609374
0.1712602316689882	0.2253619384765625
0.18361913537968952	0.18929382324218752
0.19686991281636837	0.5008814697265624
0.21107692557303895	0.31867248535156256
0.22630917986398325	0.28481750488281254
0.24264066170030735	0.31520324707031255
0.2601506962543363	0.3315325927734375
0.27892433315734794	0.35928649902343757
0.2990527596021164	0.3928424072265625
0.32063374325677857	0.40863342285156246
0.3437721071413453	0.4353704833984374
0.3685802387734255	0.4631243896484375
0.3951786360561784	0.49261291503906246
0.4236964925599834	0.5228270263671875
0.45427232504064763	0.5545599365234375
0.48705464624213424	0.5873870849609375
0.5222026862517418	0.6206397705078126
0.5598871659114963	0.6548043212890626
0.6002911260423679	0.6892728271484374
0.643610816509011	0.7239844970703124
0.6900566494433891	0.7590001220703124
0.7398542212572801	0.7930430908203123
0.7932454084077667	0.8250191650390626
0.8504895422380657	0.8567520751953126
0.9118646686001192	0.8865396728515624
0.9776688983771838	0.9138348388671875
1.048221855466165	0.9375433349609374
1.1238662292528254	0.9591849365234375
1.204969439120548	0.9758416748046874
1.2919254190774832	0.9881214599609374
