0.029999999999999995	0.0590179443359375
0.03221328108791445	0.06446105957031252
0.03458984928163294	0.0691265869140625
0.037141751256594614	0.07421081542968751
0.03988192244420276	0.07959411621093752
0.042824252600716955	0.08539611816406252
0.04598365621355823	0.09179626464843751
0.04937614810191256	0.09849548339843751
0.053018924594846806	0.10573303222656251
0.056930450698424735	0.11344909667968749
0.061130553693667065	0.1217633056640625
0.06564052363979818	0.1306756591796875
0.07048322129222383	0.1402459716796875
0.07568319398226944	0.1504742431640625
0.08126680004606676	0.1614202880859375
0.08726234243330964	0.17314392089843755
0.09370021217313501	0.1857049560546875
0.10061304242434747	0.19910339355468754
0.108035873890859	0.21345886230468752
0.11600633244082398	0.22877136230468753
0.12456481982981045	0.24510070800781247
0.13375471849477022	0.2625665283203126
0.1436226114568969	0.28110900878906253
0.15421851844804488	0.3009075927734375
0.16559614945761972	0.32190246582031257
0.1778131769851533	0.34415344238281254
0.19093152837859423	0.3677203369140625
0.2050176997401592	0.39266296386718746
0.22014309299091336	0.41886169433593745
0.23638437780263954	0.44649597167968746
0.25382388023160646	0.4753863525390625
0.272550000024196	0.5055623779296876
0.29265765870968397	0.5369305419921875
0.31424878075153306	0.5693321533203124
0.33743281019611815	0.6027064208984374
0.3623272654377481	0.6368101806640627
0.3890583349120527	0.6714002685546876
0.41776151673726397	0.7061727294921876
0.44858230554569894	0.7408843994140626
0.48167692998694467	0.7750489501953126
0.5172131446411048	0.8083016357421875
0.5553710803562693	0.8436212158203125
0.5963441573205078	0.8744422607421873
0.6403400654967002	0.9024669189453125
0.687581817389959	0.9276951904296875
0.7383088784840609	0.9495191650390626
0.7927783810769983	0.9676956787109374
0.8512664276685039	0.9818599853515626
0.9140694905063447	0.9918905029296874
0.981505914385588	0.9977872314453125
