0.029999999999999995	0.5218543701171876
0.03194464513348315	0.7239237060546875
0.034015345090138975	0.7255650634765625
0.08726238538642783	0.5171734619140627
0.09291886448902281	0.1842095947265625
0.09894200507693478	0.13677673339843754
0.10535557469926563	0.31101623535156253
0.11218488155340726	0.32339782714843757
0.11945687435218123	0.8208853759765626
0.1272002486645172	0.2617291259765625
0.13544556014929388	0.7656871337890625
0.14422534512916804	0.5220975341796876
0.1535742489801802	0.4094708251953125
0.23837246810884075	0.4511016845703125
0.2538241301109817	0.1315130615234375
0.27027739209034557	0.5036778564453126
0.28779717926431264	0.5313985595703126
0.30645262540053014	0.5601527099609374
0.32631734562147274	0.5777821044921876
0.34746972689260414	0.6202142333984375
0.3699932373404183	0.6506705322265625
0.44670850999799017	0.7430120849609374
0.47566482766642715	0.7756568603515626
0.5064981374094478	0.8058699951171875
0.5393301086771669	0.8351712646484375
0.5742902977165001	0.8630135498046874
0.6115166588051998	0.8899439697265625
0.6511560886248468	0.9136524658203125
0.6933650059209213	0.9358411865234375
0.7383099687373095	0.9554158935546875
0.7861683316608798	0.9711607666015625
0.8371289456696436	0.9838660888671875
0.8913929033461221	0.9931063232421875
