0.029999999999999995	0.1195501708984375
0.03221328108791445	0.12834289550781247
0.03458984928163294	0.13767395019531248
0.037141751256594614	0.1477227783203125
0.03988192244420276	0.15848937988281248
0.042824252600716955	0.17003356933593755
0.04598365621355823	0.1823553466796875
0.04937614810191256	0.1955743408203125
0.053018924594846806	0.20969055175781248
0.056930450698424735	0.22476379394531248
0.061130553693667065	0.24085388183593753
0.06564052363979818	0.2580804443359376
0.07048322129222383	0.2763836669921874
0.07568319398226944	0.2958831787109375
0.08126680004606676	0.3165789794921875
0.08726234243330964	0.33859069824218746
0.09370021217313501	0.3619183349609375
0.10061304242434747	0.3865618896484375
0.108035873890859	0.41264099121093745
0.11600633244082398	0.44003601074218746
0.12456481982981045	0.4688067626953125
0.13375471849477022	0.49883361816406246
0.1436226114568969	0.5301827392578127
0.15421851844804488	0.5626451416015625
0.16559614945761972	0.5961409912109374
0.1778131769851533	0.6304879150390625
0.19093152837859423	0.6655035400390625
0.2050176997401592	0.7008231201171875
0.22014309299091336	0.7362034912109374
0.23638437780263954	0.7712191162109374
0.25382388023160646	0.8054444580078124
0.272550000024196	0.8384539794921875
0.29265765870968397	0.8697005615234374
0.31424878075153306	0.8986978759765625
0.33743281019611815	0.9248988037109374
0.3623272654377481	0.9478170166015625
0.3890583349120527	0.9669661865234374
0.41776151673726397	0.9819815673828125
0.44858230554569894	0.9925592041015625
