0.05536261231659479	0.6976619873046874
0.05826277748503122	0.5459276123046874
0.061314867529340816	0.5542559814453125
0.06452684101966298	0.5629490966796875
0.06790707343507538	0.2666937255859375
0.07146437900332847	0.2801519775390625
0.07520803368465336	0.2941485595703126
0.07914779935957339	0.3088629150390625
0.08329394928379259	0.32417541503906255
0.08765729487653587	0.34014587402343754
0.09224921391219322	0.35683410644531255
0.0970816801887817	0.3741802978515625
0.1021672947505858	0.39224426269531254
0.10751931874639371	0.3666436767578125
0.1131517080090087	0.4785565185546875
0.11907914944620498	0.39996032714843754
0.1253170993380204	0.6000924072265625
0.13188182364024909	0.5380247802734375
0.1387904403992288	0.1025030517578125
0.146060964388523	0.8811292724609374
0.15371235408389067	0.5616724853515627
0.16176456109903622	0.5856241455078126
0.17023858221104593	0.6101229248046875
0.17915651411117206	0.6349864501953126
0.18854161102373174	0.6601539306640627
0.19841834534336594	0.6855645751953126
0.2088124714487761	0.7110360107421874
0.2197510928593367	0.7363858642578125
0.23126273290970067	0.7203370361328125
0.24337740912668787	0.7867816162109376
0.25612671150239874	0.8112803955078125
0.26954388486765857	0.8351104736328125
0.2836639155805863	0.8580894775390626
0.2985236227563351	0.8800350341796876
0.31416175427589615	0.9006431884765624
0.3306190878243121	0.9198531494140625
0.3661652643248331	0.9530450439453124
0.3853467967896204	0.9668446044921875
0.4055331520039827	0.9784556884765625
0.42677696751186556	0.9875743408203124
