0.029999999999999995	0.6458680419921876
0.0315715471400726	0.41491394042968743
0.033225419627260874	0.3439739990234375
0.03496593006702536	0.3500152587890625
0.07146437900332847	0.4850762939453125
0.07520803368465336	0.3918255615234375
0.07914779935957339	0.8314630126953124
0.08329394928379259	0.4548101806640624
0.08765729487653587	0.1392291259765625
0.09224921391219322	0.6220379638671876
0.0970816801887817	0.5946212158203124
0.1021672947505858	0.9693978271484374
0.10751931874639371	0.8204598388671875
0.1131517080090087	0.8848375244140625
0.11907914944620498	0.4828631591796875
0.1253170993380204	0.6422205810546875
0.13188182364024909	0.9694586181640625
0.1387904403992288	0.3762139892578126
0.146060964388523	0.5706087646484375
0.15371235408389067	0.4997308349609375
0.16176456109903622	0.7801553955078124
0.17023858221104593	0.4923138427734375
0.17915651411117206	0.6853822021484375
0.18854161102373174	0.9158409423828124
0.19841834534336594	0.6803973388671876
0.2088124714487761	0.8814940185546876
0.2197510928593367	0.7928607177734375
0.23126273290970067	0.22296936035156245
0.24337740912668787	0.8783936767578124
0.25612671150239874	0.43854064941406246
0.26954388486765857	0.8820411376953126
0.2836639155805863	0.8650196533203125
0.2985236227563351	0.8073289794921874
0.31416175427589615	0.8953543701171875
0.3479385372217692	0.4825640869140625
0.3661652643248331	0.9532274169921875
0.3853467967896204	0.9669661865234374
0.4055331520039827	0.9191844482421874
0.42677696751186556	0.9960850830078125
0.4491336382699367	0.9960850830078125
