0.029999999999999995	0.37495788574218747
0.03232215222702647	0.37495788574218747
0.03482405081956908	0.37495788574218747
0.037519609058393966	0.37495788574218747
0.04042381718279772	0.37495788574218747
0.04355282575266254	0.37495788574218747
0.046924035463157265	0.37495788574218747
0.05055619391155197	0.37495788574218747
0.05446949985427505	0.37495788574218747
0.05868571553399584	0.37495788574218747
0.06322828770139288	0.37495788574218747
0.06812247800462157	0.37495788574218747
0.07339550347158806	0.37495788574218747
0.07907668786626397	0.37495788574218747
0.08519762476074812	0.37495788574218747
0.09179235322993268	0.37495788574218747
0.098897547145829	0.37495788574218747
0.1065527191242338	0.37495788574218747
0.11480044025790272	0.37495788574218747
0.12368657685818632	0.37495788574218747
0.13326054552167027	0.37495788574218747
0.1435755879402673	0.37495788574218747
0.15468906698300497	0.37495788574218747
0.16666278569604615	0.37495788574218747
0.17956333099492977	0.37495788574218747
0.19346244396033546	0.37495788574218747
0.20843741879661803	0.37495788574218747
0.22457153267175872	0.37495788574218747
0.2419545088291079	0.37495788574218747
0.26068301554632833	0.37495788574218747
0.2808612037162911	0.37495788574218747
0.30260128603946196	0.37495788574218747
0.32602416104871573	0.37495788574218747
0.3512600854368395	0.37495788574218747
0.3784493984255953	0.37495788574218747
0.4077433022046229	0.3906292724609375
0.4393047027802762	0.41832336425781247
0.4733091159104236	0.44751281738281257
0.5099456431632011	0.47765930175781257
0.5494180235276639	0.5098177490234375
0.591945766424439	0.5425841064453125
0.6377653724171527	0.5768702392578127
0.6871316484131148	0.6126761474609375
0.7403191246672111	0.6481781005859375
0.7976235814690866	0.6855037841796876
0.8593636940036625	0.7213096923828124
0.9258828045322063	0.7576627197265624
0.9975508317492059	0.7946236572265626
1.0747663279331574	0.8292137451171875
1.157958695331259	0.8619193115234374
1.2475905741035311	0.8923148193359374
1.3441604151059234	0.9197315673828124
1.448205251819892	0.9415555419921875
1.5603036868433928	0.9614949951171876
1.6810791095514264	0.9773006591796876
1.8112031628198442	0.9903707275390625
1.9513994780911617	0.9970577392578126
