0.029999999999999995	0.1195501708984375
0.03221328108791445	0.12834289550781247
0.03458984928163294	0.13767395019531248
0.037141751256594614	0.1477227783203125
0.03988192244420276	0.15848937988281248
0.042824252600716955	0.17003356933593755
0.04598365621355823	0.1823553466796875
0.04937614810191256	0.1955743408203125
0.053018924594846806	0.20969055175781248
0.056930450698424735	0.22476379394531248
0.061130553693667065	0.2409136962890625
0.06564052363979818	0.2580804443359376
0.07048322129222383	0.2763836669921874
0.07568319398226944	0.2958831787109375
0.08126680004606676	0.3166387939453126
0.08726234243330964	0.33865051269531254
0.09370021217313501	0.3619781494140625
0.10061304242434747	0.38668151855468746
0.108035873890859	0.4127008056640624
0.11600633244082398	0.4401556396484375
0.12456481982981045	0.46892639160156246
0.13375471849477022	0.49907287597656247
0.1436226114568969	0.5304259033203125
0.15421851844804488	0.5629490966796875
0.16559614945761972	0.5965057373046876
0.1778131769851533	0.6309134521484374
0.19093152837859423	0.6659290771484374
0.2050176997401592	0.7013702392578125
0.22014309299091336	0.7368114013671876
0.23638437780263954	0.7718878173828125
0.25382388023160646	0.8062347412109374
0.272550000024196	0.8393658447265624
0.29265765870968397	0.8706732177734375
0.31424878075153306	0.8997313232421875
0.33743281019611815	0.9259930419921876
0.3623272654377481	0.9489112548828125
0.3890583349120527	0.9680604248046873
0.41776151673726397	0.9829542236328124
0.44858230554569894	0.9932886962890626
