0.029999999999999995	0.37531677246093753
0.03232215222702647	0.37531677246093753
0.03482405081956908	0.37531677246093753
0.037519609058393966	0.37531677246093753
0.04042381718279772	0.37531677246093753
0.04355282575266254	0.37531677246093753
0.046924035463157265	0.37531677246093753
0.05055619391155197	0.37531677246093753
0.05446949985427505	0.37531677246093753
0.05868571553399584	0.37531677246093753
0.06322828770139288	0.37531677246093753
0.06812247800462157	0.37531677246093753
0.07339550347158806	0.37531677246093753
0.07907668786626397	0.37531677246093753
0.08519762476074812	0.37531677246093753
0.09179235322993268	0.37531677246093753
0.098897547145829	0.37531677246093753
0.1065527191242338	0.37531677246093753
0.11480044025790272	0.37531677246093753
0.12368657685818632	0.37531677246093753
0.13326054552167027	0.37531677246093753
0.1435755879402673	0.37531677246093753
0.15468906698300497	0.37531677246093753
0.16666278569604615	0.37531677246093753
0.17956333099492977	0.37531677246093753
0.19346244396033546	0.37531677246093753
0.20843741879661803	0.37531677246093753
0.22457153267175872	0.37531677246093753
0.2419545088291079	0.37531677246093753
0.26068301554632833	0.37531677246093753
0.2808612037162911	0.37531677246093753
0.30260128603946196	0.37531677246093753
0.32602416104871573	0.37531677246093753
0.3512600854368395	0.37531677246093753
0.3784493984255953	0.37531677246093753
0.4077433022046229	0.3911077880859375
0.4393047027802762	0.41862243652343745
0.4733091159104236	0.44775207519531257
0.5099456431632011	0.4782574462890625
0.5494180235276639	0.5103040771484375
0.591945766424439	0.5430096435546876
0.6377653724171527	0.5776605224609375
0.6871316484131148	0.6127369384765626
0.7403191246672111	0.6493331298828124
0.7976235814690866	0.6855645751953126
0.8593636940036625	0.7237413330078124
0.9258828045322063	0.7596688232421875
0.9975508317492059	0.7969337158203125
1.0747663279331574	0.8303079833984375
1.157958695331259	0.8645941162109374
1.2475905741035311	0.8957191162109375
1.3441604151059234	0.9227711181640625
1.448205251819892	0.9478778076171874
1.5603036868433928	0.9658111572265624
1.6810791095514264	0.9811304931640625
1.8112031628198442	0.9911610107421873
