0.09715041109456309	0.1154229736328125
0.10506696853308986	0.32812316894531257
0.11362862753085232	0.9086068115234374
0.12288795588956984	0.3709503173828126
0.13290180503690874	0.6309742431640626
0.14373165908903887	0.4050445556640625
0.15544401235747296	0.5754112548828125
0.2909018421325619	0.5709127197265624
0.3146067458614205	0.24856994628906248
0.34024330618164034	0.26262634277343755
0.4303821664848389	0.37752990722656254
0.4654529922601245	0.3704119873046875
0.5033816567572286	0.3851263427734375
0.5444010385006615	0.4406939697265625
0.5887629927356166	0.44649597167968746
0.6367398977960962	0.4781378173828126
0.6886263274829235	0.5113983154296875
0.7447408597198889	0.5470218505859374
0.8054280325930071	0.5831925048828124
0.8710604597827973	0.6204573974609375
0.9420411183781366	0.6590596923828125
1.0188058231186585	0.6983306884765625
1.1018259022573225	0.5743170166015625
1.1916110914726956	0.9019197998046875
1.2887126635993118	0.6144998779296875
1.3937268133923604	0.5324320068359374
1.5072983181088535	0.6313389892578125
1.630124496380901	0.7654439697265625
1.7629594896882121	0.8030736083984373
1.9066188927176821	0.9017374267578124
2.0619847610400286	0.9498231201171876
2.230011026850176	0.9771182861328125
