0.029999999999999995	0.1195501708984375
0.03221328108791445	0.1282830810546875
0.03458984928163294	0.13767395019531248
0.037141751256594614	0.1477227783203125
0.03988192244420276	0.15848937988281248
0.042824252600716955	0.17003356933593755
0.04598365621355823	0.1823553466796875
0.04937614810191256	0.19551452636718752
0.053018924594846806	0.2096307373046875
0.056930450698424735	0.2247039794921875
0.061130553693667065	0.2407940673828125
0.06564052363979818	0.2579608154296875
0.07048322129222383	0.27626403808593747
0.07568319398226944	0.29576354980468744
0.08126680004606676	0.31645935058593755
0.08726234243330964	0.33841125488281254
0.09370021217313501	0.3617388916015625
0.10061304242434747	0.3863226318359375
0.108035873890859	0.41234191894531247
0.11600633244082398	0.4396771240234375
0.12456481982981045	0.4683282470703125
0.13375471849477022	0.4982952880859375
0.1436226114568969	0.5295140380859376
0.15421851844804488	0.5618548583984375
0.16559614945761972	0.5952291259765625
0.1778131769851533	0.6293936767578125
0.19093152837859423	0.6641661376953125
0.2050176997401592	0.6993033447265624
0.22014309299091336	0.7343797607421874
0.23638437780263954	0.7691522216796876
0.25382388023160646	0.8031343994140625
0.272550000024196	0.8358399658203124
0.29265765870968397	0.8668433837890626
0.31424878075153306	0.8956583251953125
0.33743281019611815	0.9216768798828123
0.3623272654377481	0.9445343017578125
0.3890583349120527	0.9637442626953125
0.41776151673726397	0.9790635986328124
0.44858230554569894	0.9902491455078124
0.48167692998694467	0.9971185302734376
