211    211    322    BH 
211    211    422    BH 
211    211    522    BH 
211    311    322    BH 
211    311    422    BH 
211    321    432    BH 
211    322    433    BH 
211    311    522    BH 
211    321    532    BH 
211    322    533    BH 
211    411    322    BH 
211    411    422    BH 
211    421    432    BH 
211    422    433    BH 
211    411    522    BH 
211    421    532    BH 
211    422    533    BH 
211    431    542    BH 
211    432    543    BH 
211    433    544    BH 
211    511    322    BH 
211    511    422    BH 
211    521    432    BH 
211    522    433    BH 
211    511    522    BH 
211    521    532    BH 
211    522    533    BH 
211    531    542    BH 
211    532    543    BH 
211    533    544    BH 
311    311    211    Inf 
311    321    211    Inf 
311    322    211    Inf 
321    321    211    Inf 
321    322    211    Inf 
322    322    211    Inf 
311    311    322    BH 
311    311    422    BH 
311    321    432    BH 
311    322    433    BH 
311    311    522    BH 
311    321    532    BH 
311    322    533    BH 
321    321    542    BH 
321    322    543    BH 
322    322    544    BH 
311    411    211    Inf 
311    421    211    Inf 
311    422    211    Inf 
311    431    211    Inf 
311    432    211    Inf 
311    433    211    Inf 
321    411    211    Inf 
322    411    211    Inf 
321    421    211    Inf 
321    422    211    Inf 
322    421    211    Inf 
322    422    211    Inf 
321    431    211    Inf 
321    432    211    Inf 
321    433    211    Inf 
322    431    211    Inf 
322    432    211    Inf 
322    433    211    Inf 
311    411    322    BH 
311    411    422    BH 
311    421    432    BH 
311    422    433    BH 
321    411    432    BH 
322    411    433    BH 
311    411    522    BH 
311    421    532    BH 
311    422    533    BH 
311    431    542    BH 
311    432    543    BH 
311    433    544    BH 
321    411    532    BH 
322    411    533    BH 
321    421    542    BH 
321    422    543    BH 
322    421    543    BH 
322    422    544    BH 
311    511    211    Inf 
311    521    211    Inf 
311    522    211    Inf 
311    531    211    Inf 
311    532    211    Inf 
311    533    211    Inf 
311    541    211    Inf 
311    542    211    Inf 
311    543    211    Inf 
311    544    211    Inf 
321    511    211    Inf 
322    511    211    Inf 
321    521    211    Inf 
321    522    211    Inf 
322    521    211    Inf 
322    522    211    Inf 
321    531    211    Inf 
321    532    211    Inf 
321    533    211    Inf 
322    531    211    Inf 
322    532    211    Inf 
322    533    211    Inf 
321    541    211    Inf 
321    542    211    Inf 
321    543    211    Inf 
321    544    211    Inf 
322    541    211    Inf 
322    542    211    Inf 
322    543    211    Inf 
322    544    211    Inf 
311    511    322    BH 
311    511    422    BH 
311    521    432    BH 
311    522    433    BH 
321    511    432    BH 
322    511    433    BH 
311    511    522    BH 
311    521    532    BH 
311    522    533    BH 
311    531    542    BH 
311    532    543    BH 
311    533    544    BH 
321    511    532    BH 
322    511    533    BH 
321    521    542    BH 
321    522    543    BH 
322    521    543    BH 
322    522    544    BH 
411    411    211    Inf 
411    421    211    Inf 
411    422    211    Inf 
411    431    211    Inf 
411    432    211    Inf 
411    433    211    Inf 
421    421    211    Inf 
421    422    211    Inf 
422    422    211    Inf 
421    431    211    Inf 
421    432    211    Inf 
421    433    211    Inf 
422    431    211    Inf 
422    432    211    Inf 
422    433    211    Inf 
431    431    211    Inf 
431    432    211    Inf 
431    433    211    Inf 
432    432    211    Inf 
432    433    211    Inf 
433    433    211    Inf 
411    411    322    BH 
411    411    422    BH 
411    421    432    BH 
411    422    433    BH 
411    411    522    BH 
411    421    532    BH 
411    422    533    BH 
411    431    542    BH 
411    432    543    BH 
411    433    544    BH 
421    421    542    BH 
421    422    543    BH 
422    422    544    BH 
411    511    211    Inf 
411    521    211    Inf 
411    522    211    Inf 
411    531    211    Inf 
411    532    211    Inf 
411    533    211    Inf 
411    541    211    Inf 
411    542    211    Inf 
411    543    211    Inf 
411    544    211    Inf 
421    511    211    Inf 
422    511    211    Inf 
421    521    211    Inf 
421    522    211    Inf 
422    521    211    Inf 
422    522    211    Inf 
421    531    211    Inf 
421    532    211    Inf 
421    533    211    Inf 
422    531    211    Inf 
422    532    211    Inf 
422    533    211    Inf 
421    541    211    Inf 
421    542    211    Inf 
421    543    211    Inf 
421    544    211    Inf 
422    541    211    Inf 
422    542    211    Inf 
422    543    211    Inf 
422    544    211    Inf 
431    511    211    Inf 
432    511    211    Inf 
433    511    211    Inf 
431    521    211    Inf 
431    522    211    Inf 
432    521    211    Inf 
432    522    211    Inf 
433    521    211    Inf 
433    522    211    Inf 
431    531    211    Inf 
431    532    211    Inf 
431    533    211    Inf 
432    531    211    Inf 
432    532    211    Inf 
432    533    211    Inf 
433    531    211    Inf 
433    532    211    Inf 
433    533    211    Inf 
431    541    211    Inf 
431    542    211    Inf 
431    543    211    Inf 
431    544    211    Inf 
432    541    211    Inf 
432    542    211    Inf 
432    543    211    Inf 
432    544    211    Inf 
433    541    211    Inf 
433    542    211    Inf 
433    543    211    Inf 
433    544    211    Inf 
411    511    311    Inf 
411    511    321    Inf 
411    511    322    Inf 
411    521    311    Inf 
411    522    311    Inf 
411    521    321    Inf 
411    521    322    Inf 
411    522    321    Inf 
411    522    322    Inf 
411    531    311    Inf 
411    532    311    Inf 
411    533    311    Inf 
411    531    321    Inf 
411    531    322    Inf 
411    532    321    Inf 
411    532    322    Inf 
411    533    321    Inf 
411    533    322    Inf 
411    541    311    Inf 
411    542    311    Inf 
411    543    311    Inf 
411    544    311    Inf 
411    541    321    Inf 
411    541    322    Inf 
411    542    321    Inf 
411    542    322    Inf 
411    543    321    Inf 
411    543    322    Inf 
411    544    321    Inf 
411    544    322    Inf 
421    511    311    Inf 
422    511    311    Inf 
421    511    321    Inf 
421    511    322    Inf 
422    511    321    Inf 
422    511    322    Inf 
421    521    311    Inf 
421    522    311    Inf 
422    521    311    Inf 
422    522    311    Inf 
421    521    321    Inf 
421    521    322    Inf 
421    522    321    Inf 
421    522    322    Inf 
422    521    321    Inf 
422    521    322    Inf 
422    522    321    Inf 
422    522    322    Inf 
421    531    311    Inf 
421    532    311    Inf 
421    533    311    Inf 
422    531    311    Inf 
422    532    311    Inf 
422    533    311    Inf 
421    531    321    Inf 
421    531    322    Inf 
421    532    321    Inf 
421    532    322    Inf 
421    533    321    Inf 
421    533    322    Inf 
422    531    321    Inf 
422    531    322    Inf 
422    532    321    Inf 
422    532    322    Inf 
422    533    321    Inf 
422    533    322    Inf 
421    541    311    Inf 
421    542    311    Inf 
421    543    311    Inf 
421    544    311    Inf 
422    541    311    Inf 
422    542    311    Inf 
422    543    311    Inf 
422    544    311    Inf 
421    541    321    Inf 
421    541    322    Inf 
421    542    321    Inf 
421    542    322    Inf 
421    543    321    Inf 
421    543    322    Inf 
421    544    321    Inf 
421    544    322    Inf 
422    541    321    Inf 
422    541    322    Inf 
422    542    321    Inf 
422    542    322    Inf 
422    543    321    Inf 
422    543    322    Inf 
422    544    321    Inf 
422    544    322    Inf 
431    511    311    Inf 
432    511    311    Inf 
433    511    311    Inf 
431    511    321    Inf 
431    511    322    Inf 
432    511    321    Inf 
432    511    322    Inf 
433    511    321    Inf 
433    511    322    Inf 
431    521    311    Inf 
431    522    311    Inf 
432    521    311    Inf 
432    522    311    Inf 
433    521    311    Inf 
433    522    311    Inf 
431    521    321    Inf 
431    521    322    Inf 
431    522    321    Inf 
431    522    322    Inf 
432    521    321    Inf 
432    521    322    Inf 
432    522    321    Inf 
432    522    322    Inf 
433    521    321    Inf 
433    521    322    Inf 
433    522    321    Inf 
433    522    322    Inf 
431    531    311    Inf 
431    532    311    Inf 
431    533    311    Inf 
432    531    311    Inf 
432    532    311    Inf 
432    533    311    Inf 
433    531    311    Inf 
433    532    311    Inf 
433    533    311    Inf 
431    531    321    Inf 
431    531    322    Inf 
431    532    321    Inf 
431    532    322    Inf 
431    533    321    Inf 
431    533    322    Inf 
432    531    321    Inf 
432    531    322    Inf 
432    532    321    Inf 
432    532    322    Inf 
432    533    321    Inf 
432    533    322    Inf 
433    531    321    Inf 
433    531    322    Inf 
433    532    321    Inf 
433    532    322    Inf 
433    533    321    Inf 
433    533    322    Inf 
431    541    311    Inf 
431    542    311    Inf 
431    543    311    Inf 
431    544    311    Inf 
432    541    311    Inf 
432    542    311    Inf 
432    543    311    Inf 
432    544    311    Inf 
433    541    311    Inf 
433    542    311    Inf 
433    543    311    Inf 
433    544    311    Inf 
431    541    321    Inf 
431    541    322    Inf 
431    542    321    Inf 
431    542    322    Inf 
431    543    321    Inf 
431    543    322    Inf 
431    544    321    Inf 
431    544    322    Inf 
432    541    321    Inf 
432    541    322    Inf 
432    542    321    Inf 
432    542    322    Inf 
432    543    321    Inf 
432    543    322    Inf 
432    544    321    Inf 
432    544    322    Inf 
433    541    321    Inf 
433    541    322    Inf 
433    542    321    Inf 
433    542    322    Inf 
433    543    321    Inf 
433    543    322    Inf 
433    544    321    Inf 
433    544    322    Inf 
411    511    422    BH 
411    521    432    BH 
411    522    433    BH 
421    511    432    BH 
422    511    433    BH 
411    511    522    BH 
411    521    532    BH 
411    522    533    BH 
411    531    542    BH 
411    532    543    BH 
411    533    544    BH 
421    511    532    BH 
422    511    533    BH 
421    521    542    BH 
421    522    543    BH 
422    521    543    BH 
422    522    544    BH 
431    511    542    BH 
432    511    543    BH 
433    511    544    BH 
511    511    211    Inf 
511    521    211    Inf 
511    522    211    Inf 
511    531    211    Inf 
511    532    211    Inf 
511    533    211    Inf 
511    541    211    Inf 
511    542    211    Inf 
511    543    211    Inf 
511    544    211    Inf 
521    521    211    Inf 
521    522    211    Inf 
522    522    211    Inf 
521    531    211    Inf 
521    532    211    Inf 
521    533    211    Inf 
522    531    211    Inf 
522    532    211    Inf 
522    533    211    Inf 
521    541    211    Inf 
521    542    211    Inf 
521    543    211    Inf 
521    544    211    Inf 
522    541    211    Inf 
522    542    211    Inf 
522    543    211    Inf 
522    544    211    Inf 
531    531    211    Inf 
531    532    211    Inf 
531    533    211    Inf 
532    532    211    Inf 
532    533    211    Inf 
533    533    211    Inf 
531    541    211    Inf 
531    542    211    Inf 
531    543    211    Inf 
531    544    211    Inf 
532    541    211    Inf 
532    542    211    Inf 
532    543    211    Inf 
532    544    211    Inf 
533    541    211    Inf 
533    542    211    Inf 
533    543    211    Inf 
533    544    211    Inf 
541    541    211    Inf 
541    542    211    Inf 
541    543    211    Inf 
541    544    211    Inf 
542    542    211    Inf 
542    543    211    Inf 
542    544    211    Inf 
543    543    211    Inf 
543    544    211    Inf 
544    544    211    Inf 
511    511    311    Inf 
511    511    321    Inf 
511    511    322    Inf 
511    521    311    Inf 
511    522    311    Inf 
511    521    321    Inf 
511    521    322    Inf 
511    522    321    Inf 
511    522    322    Inf 
511    531    311    Inf 
511    532    311    Inf 
511    533    311    Inf 
511    531    321    Inf 
511    531    322    Inf 
511    532    321    Inf 
511    532    322    Inf 
511    533    321    Inf 
511    533    322    Inf 
511    541    311    Inf 
511    542    311    Inf 
511    543    311    Inf 
511    544    311    Inf 
511    541    321    Inf 
511    541    322    Inf 
511    542    321    Inf 
511    542    322    Inf 
511    543    321    Inf 
511    543    322    Inf 
511    544    321    Inf 
511    544    322    Inf 
521    521    311    Inf 
521    522    311    Inf 
522    522    311    Inf 
521    521    321    Inf 
521    521    322    Inf 
521    522    321    Inf 
521    522    322    Inf 
522    522    321    Inf 
522    522    322    Inf 
521    531    311    Inf 
521    532    311    Inf 
521    533    311    Inf 
522    531    311    Inf 
522    532    311    Inf 
522    533    311    Inf 
521    531    321    Inf 
521    531    322    Inf 
521    532    321    Inf 
521    532    322    Inf 
521    533    321    Inf 
521    533    322    Inf 
522    531    321    Inf 
522    531    322    Inf 
522    532    321    Inf 
522    532    322    Inf 
522    533    321    Inf 
522    533    322    Inf 
521    541    311    Inf 
521    542    311    Inf 
521    543    311    Inf 
521    544    311    Inf 
522    541    311    Inf 
522    542    311    Inf 
522    543    311    Inf 
522    544    311    Inf 
521    541    321    Inf 
521    541    322    Inf 
521    542    321    Inf 
521    542    322    Inf 
521    543    321    Inf 
521    543    322    Inf 
521    544    321    Inf 
521    544    322    Inf 
522    541    321    Inf 
522    541    322    Inf 
522    542    321    Inf 
522    542    322    Inf 
522    543    321    Inf 
522    543    322    Inf 
522    544    321    Inf 
522    544    322    Inf 
531    531    311    Inf 
531    532    311    Inf 
531    533    311    Inf 
532    532    311    Inf 
532    533    311    Inf 
533    533    311    Inf 
531    531    321    Inf 
531    531    322    Inf 
531    532    321    Inf 
531    532    322    Inf 
531    533    321    Inf 
531    533    322    Inf 
532    532    321    Inf 
532    532    322    Inf 
532    533    321    Inf 
532    533    322    Inf 
533    533    321    Inf 
533    533    322    Inf 
531    541    311    Inf 
531    542    311    Inf 
531    543    311    Inf 
531    544    311    Inf 
532    541    311    Inf 
532    542    311    Inf 
532    543    311    Inf 
532    544    311    Inf 
533    541    311    Inf 
533    542    311    Inf 
533    543    311    Inf 
533    544    311    Inf 
531    541    321    Inf 
531    541    322    Inf 
531    542    321    Inf 
531    542    322    Inf 
531    543    321    Inf 
531    543    322    Inf 
531    544    321    Inf 
531    544    322    Inf 
532    541    321    Inf 
532    541    322    Inf 
532    542    321    Inf 
532    542    322    Inf 
532    543    321    Inf 
532    543    322    Inf 
532    544    321    Inf 
532    544    322    Inf 
533    541    321    Inf 
533    541    322    Inf 
533    542    321    Inf 
533    542    322    Inf 
533    543    321    Inf 
533    543    322    Inf 
533    544    321    Inf 
533    544    322    Inf 
541    541    311    Inf 
541    542    311    Inf 
541    543    311    Inf 
541    544    311    Inf 
542    542    311    Inf 
542    543    311    Inf 
542    544    311    Inf 
543    543    311    Inf 
543    544    311    Inf 
544    544    311    Inf 
541    541    321    Inf 
541    541    322    Inf 
541    542    321    Inf 
541    542    322    Inf 
541    543    321    Inf 
541    543    322    Inf 
541    544    321    Inf 
541    544    322    Inf 
542    542    321    Inf 
542    542    322    Inf 
542    543    321    Inf 
542    543    322    Inf 
542    544    321    Inf 
542    544    322    Inf 
543    543    321    Inf 
543    543    322    Inf 
543    544    321    Inf 
543    544    322    Inf 
544    544    321    Inf 
544    544    322    Inf 
511    511    422    BH 
511    521    432    BH 
511    522    433    BH 
511    511    522    BH 
511    521    532    BH 
511    522    533    BH 
511    531    542    BH 
511    532    543    BH 
511    533    544    BH 
521    521    542    BH 
521    522    543    BH 
522    522    544    BH 
433    433    766    BH 
533    533    766    BH 
544    544    988    BH 
