211    211    322    BH 
211    211    422    BH 
211    211    522    BH 
211    211    622    BH 
211    311    322    BH 
211    311    422    BH 
211    321    432    BH 
211    322    433    BH 
211    311    522    BH 
211    321    532    BH 
211    322    533    BH 
211    311    622    BH 
211    321    632    BH 
211    322    633    BH 
211    411    322    BH 
211    411    422    BH 
211    421    432    BH 
211    422    433    BH 
211    411    522    BH 
211    421    532    BH 
211    422    533    BH 
211    431    542    BH 
211    432    543    BH 
211    433    544    BH 
211    411    622    BH 
211    421    632    BH 
211    422    633    BH 
211    431    642    BH 
211    432    643    BH 
211    433    644    BH 
211    511    322    BH 
211    511    422    BH 
211    521    432    BH 
211    522    433    BH 
211    511    522    BH 
211    521    532    BH 
211    522    533    BH 
211    531    542    BH 
211    532    543    BH 
211    533    544    BH 
211    511    622    BH 
211    521    632    BH 
211    522    633    BH 
211    531    642    BH 
211    532    643    BH 
211    533    644    BH 
211    541    652    BH 
211    542    653    BH 
211    543    654    BH 
211    544    655    BH 
211    611    322    BH 
211    611    422    BH 
211    621    432    BH 
211    622    433    BH 
211    611    522    BH 
211    621    532    BH 
211    622    533    BH 
211    631    542    BH 
211    632    543    BH 
211    633    544    BH 
211    611    622    BH 
211    621    632    BH 
211    622    633    BH 
211    631    642    BH 
211    632    643    BH 
211    633    644    BH 
211    641    652    BH 
211    642    653    BH 
211    643    654    BH 
211    644    655    BH 
311    311    211    Inf 
311    321    211    Inf 
311    322    211    Inf 
321    321    211    Inf 
321    322    211    Inf 
322    322    211    Inf 
311    311    322    BH 
311    311    422    BH 
311    321    432    BH 
311    322    433    BH 
311    311    522    BH 
311    321    532    BH 
311    322    533    BH 
321    321    542    BH 
321    322    543    BH 
322    322    544    BH 
311    311    622    BH 
311    321    632    BH 
311    322    633    BH 
321    321    642    BH 
321    322    643    BH 
322    322    644    BH 
311    411    211    Inf 
311    421    211    Inf 
311    422    211    Inf 
311    431    211    Inf 
311    432    211    Inf 
311    433    211    Inf 
321    411    211    Inf 
322    411    211    Inf 
321    421    211    Inf 
321    422    211    Inf 
322    421    211    Inf 
322    422    211    Inf 
321    431    211    Inf 
321    432    211    Inf 
321    433    211    Inf 
322    431    211    Inf 
322    432    211    Inf 
322    433    211    Inf 
311    411    322    BH 
311    411    422    BH 
311    421    432    BH 
311    422    433    BH 
321    411    432    BH 
322    411    433    BH 
311    411    522    BH 
311    421    532    BH 
311    422    533    BH 
311    431    542    BH 
311    432    543    BH 
311    433    544    BH 
321    411    532    BH 
322    411    533    BH 
321    421    542    BH 
321    422    543    BH 
322    421    543    BH 
322    422    544    BH 
311    411    622    BH 
311    421    632    BH 
311    422    633    BH 
311    431    642    BH 
311    432    643    BH 
311    433    644    BH 
321    411    632    BH 
322    411    633    BH 
321    421    642    BH 
321    422    643    BH 
322    421    643    BH 
322    422    644    BH 
321    431    652    BH 
321    432    653    BH 
321    433    654    BH 
322    431    653    BH 
322    432    654    BH 
322    433    655    BH 
311    511    211    Inf 
311    521    211    Inf 
311    522    211    Inf 
311    531    211    Inf 
311    532    211    Inf 
311    533    211    Inf 
311    541    211    Inf 
311    542    211    Inf 
311    543    211    Inf 
311    544    211    Inf 
321    511    211    Inf 
322    511    211    Inf 
321    521    211    Inf 
321    522    211    Inf 
322    521    211    Inf 
322    522    211    Inf 
321    531    211    Inf 
321    532    211    Inf 
321    533    211    Inf 
322    531    211    Inf 
322    532    211    Inf 
322    533    211    Inf 
321    541    211    Inf 
321    542    211    Inf 
321    543    211    Inf 
321    544    211    Inf 
322    541    211    Inf 
322    542    211    Inf 
322    543    211    Inf 
322    544    211    Inf 
311    511    322    BH 
311    511    422    BH 
311    521    432    BH 
311    522    433    BH 
321    511    432    BH 
322    511    433    BH 
311    511    522    BH 
311    521    532    BH 
311    522    533    BH 
311    531    542    BH 
311    532    543    BH 
311    533    544    BH 
321    511    532    BH 
322    511    533    BH 
321    521    542    BH 
321    522    543    BH 
322    521    543    BH 
322    522    544    BH 
311    511    622    BH 
311    521    632    BH 
311    522    633    BH 
311    531    642    BH 
311    532    643    BH 
311    533    644    BH 
311    541    652    BH 
311    542    653    BH 
311    543    654    BH 
311    544    655    BH 
321    511    632    BH 
322    511    633    BH 
321    521    642    BH 
321    522    643    BH 
322    521    643    BH 
322    522    644    BH 
321    531    652    BH 
321    532    653    BH 
321    533    654    BH 
322    531    653    BH 
322    532    654    BH 
322    533    655    BH 
311    611    211    Inf 
311    621    211    Inf 
311    622    211    Inf 
311    631    211    Inf 
311    632    211    Inf 
311    633    211    Inf 
311    641    211    Inf 
311    642    211    Inf 
311    643    211    Inf 
311    644    211    Inf 
311    651    211    Inf 
311    652    211    Inf 
311    653    211    Inf 
311    654    211    Inf 
311    655    211    Inf 
321    611    211    Inf 
322    611    211    Inf 
321    621    211    Inf 
321    622    211    Inf 
322    621    211    Inf 
322    622    211    Inf 
321    631    211    Inf 
321    632    211    Inf 
321    633    211    Inf 
322    631    211    Inf 
322    632    211    Inf 
322    633    211    Inf 
321    641    211    Inf 
321    642    211    Inf 
321    643    211    Inf 
321    644    211    Inf 
322    641    211    Inf 
322    642    211    Inf 
322    643    211    Inf 
322    644    211    Inf 
321    651    211    Inf 
321    652    211    Inf 
321    653    211    Inf 
321    654    211    Inf 
321    655    211    Inf 
322    651    211    Inf 
322    652    211    Inf 
322    653    211    Inf 
322    654    211    Inf 
322    655    211    Inf 
311    611    322    BH 
311    611    422    BH 
311    621    432    BH 
311    622    433    BH 
321    611    432    BH 
322    611    433    BH 
311    611    522    BH 
311    621    532    BH 
311    622    533    BH 
311    631    542    BH 
311    632    543    BH 
311    633    544    BH 
321    611    532    BH 
322    611    533    BH 
321    621    542    BH 
321    622    543    BH 
322    621    543    BH 
322    622    544    BH 
311    611    622    BH 
311    621    632    BH 
311    622    633    BH 
311    631    642    BH 
311    632    643    BH 
311    633    644    BH 
311    641    652    BH 
311    642    653    BH 
311    643    654    BH 
311    644    655    BH 
321    611    632    BH 
322    611    633    BH 
321    621    642    BH 
321    622    643    BH 
322    621    643    BH 
322    622    644    BH 
321    631    652    BH 
321    632    653    BH 
321    633    654    BH 
322    631    653    BH 
322    632    654    BH 
322    633    655    BH 
411    411    211    Inf 
411    421    211    Inf 
411    422    211    Inf 
411    431    211    Inf 
411    432    211    Inf 
411    433    211    Inf 
421    421    211    Inf 
421    422    211    Inf 
422    422    211    Inf 
421    431    211    Inf 
421    432    211    Inf 
421    433    211    Inf 
422    431    211    Inf 
422    432    211    Inf 
422    433    211    Inf 
431    431    211    Inf 
431    432    211    Inf 
431    433    211    Inf 
432    432    211    Inf 
432    433    211    Inf 
433    433    211    Inf 
411    411    322    BH 
411    411    422    BH 
411    421    432    BH 
411    422    433    BH 
411    411    522    BH 
411    421    532    BH 
411    422    533    BH 
411    431    542    BH 
411    432    543    BH 
411    433    544    BH 
421    421    542    BH 
421    422    543    BH 
422    422    544    BH 
411    411    622    BH 
411    421    632    BH 
411    422    633    BH 
411    431    642    BH 
411    432    643    BH 
411    433    644    BH 
421    421    642    BH 
421    422    643    BH 
422    422    644    BH 
421    431    652    BH 
421    432    653    BH 
421    433    654    BH 
422    431    653    BH 
422    432    654    BH 
422    433    655    BH 
411    511    211    Inf 
411    521    211    Inf 
411    522    211    Inf 
411    531    211    Inf 
411    532    211    Inf 
411    533    211    Inf 
411    541    211    Inf 
411    542    211    Inf 
411    543    211    Inf 
411    544    211    Inf 
421    511    211    Inf 
422    511    211    Inf 
421    521    211    Inf 
421    522    211    Inf 
422    521    211    Inf 
422    522    211    Inf 
421    531    211    Inf 
421    532    211    Inf 
421    533    211    Inf 
422    531    211    Inf 
422    532    211    Inf 
422    533    211    Inf 
421    541    211    Inf 
421    542    211    Inf 
421    543    211    Inf 
421    544    211    Inf 
422    541    211    Inf 
422    542    211    Inf 
422    543    211    Inf 
422    544    211    Inf 
431    511    211    Inf 
432    511    211    Inf 
433    511    211    Inf 
431    521    211    Inf 
431    522    211    Inf 
432    521    211    Inf 
432    522    211    Inf 
433    521    211    Inf 
433    522    211    Inf 
431    531    211    Inf 
431    532    211    Inf 
431    533    211    Inf 
432    531    211    Inf 
432    532    211    Inf 
432    533    211    Inf 
433    531    211    Inf 
433    532    211    Inf 
433    533    211    Inf 
431    541    211    Inf 
431    542    211    Inf 
431    543    211    Inf 
431    544    211    Inf 
432    541    211    Inf 
432    542    211    Inf 
432    543    211    Inf 
432    544    211    Inf 
433    541    211    Inf 
433    542    211    Inf 
433    543    211    Inf 
433    544    211    Inf 
411    511    311    Inf 
411    511    321    Inf 
411    511    322    Inf 
411    521    311    Inf 
411    522    311    Inf 
411    521    321    Inf 
411    521    322    Inf 
411    522    321    Inf 
411    522    322    Inf 
411    531    311    Inf 
411    532    311    Inf 
411    533    311    Inf 
411    531    321    Inf 
411    531    322    Inf 
411    532    321    Inf 
411    532    322    Inf 
411    533    321    Inf 
411    533    322    Inf 
411    541    311    Inf 
411    542    311    Inf 
411    543    311    Inf 
411    544    311    Inf 
411    541    321    Inf 
411    541    322    Inf 
411    542    321    Inf 
411    542    322    Inf 
411    543    321    Inf 
411    543    322    Inf 
411    544    321    Inf 
411    544    322    Inf 
421    511    311    Inf 
422    511    311    Inf 
421    511    321    Inf 
421    511    322    Inf 
422    511    321    Inf 
422    511    322    Inf 
421    521    311    Inf 
421    522    311    Inf 
422    521    311    Inf 
422    522    311    Inf 
421    521    321    Inf 
421    521    322    Inf 
421    522    321    Inf 
421    522    322    Inf 
422    521    321    Inf 
422    521    322    Inf 
422    522    321    Inf 
422    522    322    Inf 
421    531    311    Inf 
421    532    311    Inf 
421    533    311    Inf 
422    531    311    Inf 
422    532    311    Inf 
422    533    311    Inf 
421    531    321    Inf 
421    531    322    Inf 
421    532    321    Inf 
421    532    322    Inf 
421    533    321    Inf 
421    533    322    Inf 
422    531    321    Inf 
422    531    322    Inf 
422    532    321    Inf 
422    532    322    Inf 
422    533    321    Inf 
422    533    322    Inf 
421    541    311    Inf 
421    542    311    Inf 
421    543    311    Inf 
421    544    311    Inf 
422    541    311    Inf 
422    542    311    Inf 
422    543    311    Inf 
422    544    311    Inf 
421    541    321    Inf 
421    541    322    Inf 
421    542    321    Inf 
421    542    322    Inf 
421    543    321    Inf 
421    543    322    Inf 
421    544    321    Inf 
421    544    322    Inf 
422    541    321    Inf 
422    541    322    Inf 
422    542    321    Inf 
422    542    322    Inf 
422    543    321    Inf 
422    543    322    Inf 
422    544    321    Inf 
422    544    322    Inf 
431    511    311    Inf 
432    511    311    Inf 
433    511    311    Inf 
431    511    321    Inf 
431    511    322    Inf 
432    511    321    Inf 
432    511    322    Inf 
433    511    321    Inf 
433    511    322    Inf 
431    521    311    Inf 
431    522    311    Inf 
432    521    311    Inf 
432    522    311    Inf 
433    521    311    Inf 
433    522    311    Inf 
431    521    321    Inf 
431    521    322    Inf 
431    522    321    Inf 
431    522    322    Inf 
432    521    321    Inf 
432    521    322    Inf 
432    522    321    Inf 
432    522    322    Inf 
433    521    321    Inf 
433    521    322    Inf 
433    522    321    Inf 
433    522    322    Inf 
431    531    311    Inf 
431    532    311    Inf 
431    533    311    Inf 
432    531    311    Inf 
432    532    311    Inf 
432    533    311    Inf 
433    531    311    Inf 
433    532    311    Inf 
433    533    311    Inf 
431    531    321    Inf 
431    531    322    Inf 
431    532    321    Inf 
431    532    322    Inf 
431    533    321    Inf 
431    533    322    Inf 
432    531    321    Inf 
432    531    322    Inf 
432    532    321    Inf 
432    532    322    Inf 
432    533    321    Inf 
432    533    322    Inf 
433    531    321    Inf 
433    531    322    Inf 
433    532    321    Inf 
433    532    322    Inf 
433    533    321    Inf 
433    533    322    Inf 
431    541    311    Inf 
431    542    311    Inf 
431    543    311    Inf 
431    544    311    Inf 
432    541    311    Inf 
432    542    311    Inf 
432    543    311    Inf 
432    544    311    Inf 
433    541    311    Inf 
433    542    311    Inf 
433    543    311    Inf 
433    544    311    Inf 
431    541    321    Inf 
431    541    322    Inf 
431    542    321    Inf 
431    542    322    Inf 
431    543    321    Inf 
431    543    322    Inf 
431    544    321    Inf 
431    544    322    Inf 
432    541    321    Inf 
432    541    322    Inf 
432    542    321    Inf 
432    542    322    Inf 
432    543    321    Inf 
432    543    322    Inf 
432    544    321    Inf 
432    544    322    Inf 
433    541    321    Inf 
433    541    322    Inf 
433    542    321    Inf 
433    542    322    Inf 
433    543    321    Inf 
433    543    322    Inf 
433    544    321    Inf 
433    544    322    Inf 
411    511    422    BH 
411    521    432    BH 
411    522    433    BH 
421    511    432    BH 
422    511    433    BH 
411    511    522    BH 
411    521    532    BH 
411    522    533    BH 
411    531    542    BH 
411    532    543    BH 
411    533    544    BH 
421    511    532    BH 
422    511    533    BH 
421    521    542    BH 
421    522    543    BH 
422    521    543    BH 
422    522    544    BH 
431    511    542    BH 
432    511    543    BH 
433    511    544    BH 
411    511    622    BH 
411    521    632    BH 
411    522    633    BH 
411    531    642    BH 
411    532    643    BH 
411    533    644    BH 
411    541    652    BH 
411    542    653    BH 
411    543    654    BH 
411    544    655    BH 
421    511    632    BH 
422    511    633    BH 
421    521    642    BH 
421    522    643    BH 
422    521    643    BH 
422    522    644    BH 
421    531    652    BH 
421    532    653    BH 
421    533    654    BH 
422    531    653    BH 
422    532    654    BH 
422    533    655    BH 
431    511    642    BH 
432    511    643    BH 
433    511    644    BH 
431    521    652    BH 
431    522    653    BH 
432    521    653    BH 
432    522    654    BH 
433    521    654    BH 
433    522    655    BH 
411    611    211    Inf 
411    621    211    Inf 
411    622    211    Inf 
411    631    211    Inf 
411    632    211    Inf 
411    633    211    Inf 
411    641    211    Inf 
411    642    211    Inf 
411    643    211    Inf 
411    644    211    Inf 
411    651    211    Inf 
411    652    211    Inf 
411    653    211    Inf 
411    654    211    Inf 
411    655    211    Inf 
421    611    211    Inf 
422    611    211    Inf 
421    621    211    Inf 
421    622    211    Inf 
422    621    211    Inf 
422    622    211    Inf 
421    631    211    Inf 
421    632    211    Inf 
421    633    211    Inf 
422    631    211    Inf 
422    632    211    Inf 
422    633    211    Inf 
421    641    211    Inf 
421    642    211    Inf 
421    643    211    Inf 
421    644    211    Inf 
422    641    211    Inf 
422    642    211    Inf 
422    643    211    Inf 
422    644    211    Inf 
421    651    211    Inf 
421    652    211    Inf 
421    653    211    Inf 
421    654    211    Inf 
421    655    211    Inf 
422    651    211    Inf 
422    652    211    Inf 
422    653    211    Inf 
422    654    211    Inf 
422    655    211    Inf 
431    611    211    Inf 
432    611    211    Inf 
433    611    211    Inf 
431    621    211    Inf 
431    622    211    Inf 
432    621    211    Inf 
432    622    211    Inf 
433    621    211    Inf 
433    622    211    Inf 
431    631    211    Inf 
431    632    211    Inf 
431    633    211    Inf 
432    631    211    Inf 
432    632    211    Inf 
432    633    211    Inf 
433    631    211    Inf 
433    632    211    Inf 
433    633    211    Inf 
431    641    211    Inf 
431    642    211    Inf 
431    643    211    Inf 
431    644    211    Inf 
432    641    211    Inf 
432    642    211    Inf 
432    643    211    Inf 
432    644    211    Inf 
433    641    211    Inf 
433    642    211    Inf 
433    643    211    Inf 
433    644    211    Inf 
431    651    211    Inf 
431    652    211    Inf 
431    653    211    Inf 
431    654    211    Inf 
431    655    211    Inf 
432    651    211    Inf 
432    652    211    Inf 
432    653    211    Inf 
432    654    211    Inf 
432    655    211    Inf 
433    651    211    Inf 
433    652    211    Inf 
433    653    211    Inf 
433    654    211    Inf 
433    655    211    Inf 
411    611    311    Inf 
411    611    321    Inf 
411    611    322    Inf 
411    621    311    Inf 
411    622    311    Inf 
411    621    321    Inf 
411    621    322    Inf 
411    622    321    Inf 
411    622    322    Inf 
411    631    311    Inf 
411    632    311    Inf 
411    633    311    Inf 
411    631    321    Inf 
411    631    322    Inf 
411    632    321    Inf 
411    632    322    Inf 
411    633    321    Inf 
411    633    322    Inf 
411    641    311    Inf 
411    642    311    Inf 
411    643    311    Inf 
411    644    311    Inf 
411    641    321    Inf 
411    641    322    Inf 
411    642    321    Inf 
411    642    322    Inf 
411    643    321    Inf 
411    643    322    Inf 
411    644    321    Inf 
411    644    322    Inf 
411    651    311    Inf 
411    652    311    Inf 
411    653    311    Inf 
411    654    311    Inf 
411    655    311    Inf 
411    651    321    Inf 
411    651    322    Inf 
411    652    321    Inf 
411    652    322    Inf 
411    653    321    Inf 
411    653    322    Inf 
411    654    321    Inf 
411    654    322    Inf 
411    655    321    Inf 
411    655    322    Inf 
421    611    311    Inf 
422    611    311    Inf 
421    611    321    Inf 
421    611    322    Inf 
422    611    321    Inf 
422    611    322    Inf 
421    621    311    Inf 
421    622    311    Inf 
422    621    311    Inf 
422    622    311    Inf 
421    621    321    Inf 
421    621    322    Inf 
421    622    321    Inf 
421    622    322    Inf 
422    621    321    Inf 
422    621    322    Inf 
422    622    321    Inf 
422    622    322    Inf 
421    631    311    Inf 
421    632    311    Inf 
421    633    311    Inf 
422    631    311    Inf 
422    632    311    Inf 
422    633    311    Inf 
421    631    321    Inf 
421    631    322    Inf 
421    632    321    Inf 
421    632    322    Inf 
421    633    321    Inf 
421    633    322    Inf 
422    631    321    Inf 
422    631    322    Inf 
422    632    321    Inf 
422    632    322    Inf 
422    633    321    Inf 
422    633    322    Inf 
421    641    311    Inf 
421    642    311    Inf 
421    643    311    Inf 
421    644    311    Inf 
422    641    311    Inf 
422    642    311    Inf 
422    643    311    Inf 
422    644    311    Inf 
421    641    321    Inf 
421    641    322    Inf 
421    642    321    Inf 
421    642    322    Inf 
421    643    321    Inf 
421    643    322    Inf 
421    644    321    Inf 
421    644    322    Inf 
422    641    321    Inf 
422    641    322    Inf 
422    642    321    Inf 
422    642    322    Inf 
422    643    321    Inf 
422    643    322    Inf 
422    644    321    Inf 
422    644    322    Inf 
421    651    311    Inf 
421    652    311    Inf 
421    653    311    Inf 
421    654    311    Inf 
421    655    311    Inf 
422    651    311    Inf 
422    652    311    Inf 
422    653    311    Inf 
422    654    311    Inf 
422    655    311    Inf 
421    651    321    Inf 
421    651    322    Inf 
421    652    321    Inf 
421    652    322    Inf 
421    653    321    Inf 
421    653    322    Inf 
421    654    321    Inf 
421    654    322    Inf 
421    655    321    Inf 
421    655    322    Inf 
422    651    321    Inf 
422    651    322    Inf 
422    652    321    Inf 
422    652    322    Inf 
422    653    321    Inf 
422    653    322    Inf 
422    654    321    Inf 
422    654    322    Inf 
422    655    321    Inf 
422    655    322    Inf 
431    611    311    Inf 
432    611    311    Inf 
433    611    311    Inf 
431    611    321    Inf 
431    611    322    Inf 
432    611    321    Inf 
432    611    322    Inf 
433    611    321    Inf 
433    611    322    Inf 
431    621    311    Inf 
431    622    311    Inf 
432    621    311    Inf 
432    622    311    Inf 
433    621    311    Inf 
433    622    311    Inf 
431    621    321    Inf 
431    621    322    Inf 
431    622    321    Inf 
431    622    322    Inf 
432    621    321    Inf 
432    621    322    Inf 
432    622    321    Inf 
432    622    322    Inf 
433    621    321    Inf 
433    621    322    Inf 
433    622    321    Inf 
433    622    322    Inf 
431    631    311    Inf 
431    632    311    Inf 
431    633    311    Inf 
432    631    311    Inf 
432    632    311    Inf 
432    633    311    Inf 
433    631    311    Inf 
433    632    311    Inf 
433    633    311    Inf 
431    631    321    Inf 
431    631    322    Inf 
431    632    321    Inf 
431    632    322    Inf 
431    633    321    Inf 
431    633    322    Inf 
432    631    321    Inf 
432    631    322    Inf 
432    632    321    Inf 
432    632    322    Inf 
432    633    321    Inf 
432    633    322    Inf 
433    631    321    Inf 
433    631    322    Inf 
433    632    321    Inf 
433    632    322    Inf 
433    633    321    Inf 
433    633    322    Inf 
431    641    311    Inf 
431    642    311    Inf 
431    643    311    Inf 
431    644    311    Inf 
432    641    311    Inf 
432    642    311    Inf 
432    643    311    Inf 
432    644    311    Inf 
433    641    311    Inf 
433    642    311    Inf 
433    643    311    Inf 
433    644    311    Inf 
431    641    321    Inf 
431    641    322    Inf 
431    642    321    Inf 
431    642    322    Inf 
431    643    321    Inf 
431    643    322    Inf 
431    644    321    Inf 
431    644    322    Inf 
432    641    321    Inf 
432    641    322    Inf 
432    642    321    Inf 
432    642    322    Inf 
432    643    321    Inf 
432    643    322    Inf 
432    644    321    Inf 
432    644    322    Inf 
433    641    321    Inf 
433    641    322    Inf 
433    642    321    Inf 
433    642    322    Inf 
433    643    321    Inf 
433    643    322    Inf 
433    644    321    Inf 
433    644    322    Inf 
431    651    311    Inf 
431    652    311    Inf 
431    653    311    Inf 
431    654    311    Inf 
431    655    311    Inf 
432    651    311    Inf 
432    652    311    Inf 
432    653    311    Inf 
432    654    311    Inf 
432    655    311    Inf 
433    651    311    Inf 
433    652    311    Inf 
433    653    311    Inf 
433    654    311    Inf 
433    655    311    Inf 
431    651    321    Inf 
431    651    322    Inf 
431    652    321    Inf 
431    652    322    Inf 
431    653    321    Inf 
431    653    322    Inf 
431    654    321    Inf 
431    654    322    Inf 
431    655    321    Inf 
431    655    322    Inf 
432    651    321    Inf 
432    651    322    Inf 
432    652    321    Inf 
432    652    322    Inf 
432    653    321    Inf 
432    653    322    Inf 
432    654    321    Inf 
432    654    322    Inf 
432    655    321    Inf 
432    655    322    Inf 
433    651    321    Inf 
433    651    322    Inf 
433    652    321    Inf 
433    652    322    Inf 
433    653    321    Inf 
433    653    322    Inf 
433    654    321    Inf 
433    654    322    Inf 
433    655    321    Inf 
433    655    322    Inf 
411    611    422    BH 
411    621    432    BH 
411    622    433    BH 
421    611    432    BH 
422    611    433    BH 
411    611    522    BH 
411    621    532    BH 
411    622    533    BH 
411    631    542    BH 
411    632    543    BH 
411    633    544    BH 
421    611    532    BH 
422    611    533    BH 
421    621    542    BH 
421    622    543    BH 
422    621    543    BH 
422    622    544    BH 
431    611    542    BH 
432    611    543    BH 
433    611    544    BH 
411    611    622    BH 
411    621    632    BH 
411    622    633    BH 
411    631    642    BH 
411    632    643    BH 
411    633    644    BH 
411    641    652    BH 
411    642    653    BH 
411    643    654    BH 
411    644    655    BH 
421    611    632    BH 
422    611    633    BH 
421    621    642    BH 
421    622    643    BH 
422    621    643    BH 
422    622    644    BH 
421    631    652    BH 
421    632    653    BH 
421    633    654    BH 
422    631    653    BH 
422    632    654    BH 
422    633    655    BH 
431    611    642    BH 
432    611    643    BH 
433    611    644    BH 
431    621    652    BH 
431    622    653    BH 
432    621    653    BH 
432    622    654    BH 
433    621    654    BH 
433    622    655    BH 
511    511    211    Inf 
511    521    211    Inf 
511    522    211    Inf 
511    531    211    Inf 
511    532    211    Inf 
511    533    211    Inf 
511    541    211    Inf 
511    542    211    Inf 
511    543    211    Inf 
511    544    211    Inf 
521    521    211    Inf 
521    522    211    Inf 
522    522    211    Inf 
521    531    211    Inf 
521    532    211    Inf 
521    533    211    Inf 
522    531    211    Inf 
522    532    211    Inf 
522    533    211    Inf 
521    541    211    Inf 
521    542    211    Inf 
521    543    211    Inf 
521    544    211    Inf 
522    541    211    Inf 
522    542    211    Inf 
522    543    211    Inf 
522    544    211    Inf 
531    531    211    Inf 
531    532    211    Inf 
531    533    211    Inf 
532    532    211    Inf 
532    533    211    Inf 
533    533    211    Inf 
531    541    211    Inf 
531    542    211    Inf 
531    543    211    Inf 
531    544    211    Inf 
532    541    211    Inf 
532    542    211    Inf 
532    543    211    Inf 
532    544    211    Inf 
533    541    211    Inf 
533    542    211    Inf 
533    543    211    Inf 
533    544    211    Inf 
541    541    211    Inf 
541    542    211    Inf 
541    543    211    Inf 
541    544    211    Inf 
542    542    211    Inf 
542    543    211    Inf 
542    544    211    Inf 
543    543    211    Inf 
543    544    211    Inf 
544    544    211    Inf 
511    511    311    Inf 
511    511    321    Inf 
511    511    322    Inf 
511    521    311    Inf 
511    522    311    Inf 
511    521    321    Inf 
511    521    322    Inf 
511    522    321    Inf 
511    522    322    Inf 
511    531    311    Inf 
511    532    311    Inf 
511    533    311    Inf 
511    531    321    Inf 
511    531    322    Inf 
511    532    321    Inf 
511    532    322    Inf 
511    533    321    Inf 
511    533    322    Inf 
511    541    311    Inf 
511    542    311    Inf 
511    543    311    Inf 
511    544    311    Inf 
511    541    321    Inf 
511    541    322    Inf 
511    542    321    Inf 
511    542    322    Inf 
511    543    321    Inf 
511    543    322    Inf 
511    544    321    Inf 
511    544    322    Inf 
521    521    311    Inf 
521    522    311    Inf 
522    522    311    Inf 
521    521    321    Inf 
521    521    322    Inf 
521    522    321    Inf 
521    522    322    Inf 
522    522    321    Inf 
522    522    322    Inf 
521    531    311    Inf 
521    532    311    Inf 
521    533    311    Inf 
522    531    311    Inf 
522    532    311    Inf 
522    533    311    Inf 
521    531    321    Inf 
521    531    322    Inf 
521    532    321    Inf 
521    532    322    Inf 
521    533    321    Inf 
521    533    322    Inf 
522    531    321    Inf 
522    531    322    Inf 
522    532    321    Inf 
522    532    322    Inf 
522    533    321    Inf 
522    533    322    Inf 
521    541    311    Inf 
521    542    311    Inf 
521    543    311    Inf 
521    544    311    Inf 
522    541    311    Inf 
522    542    311    Inf 
522    543    311    Inf 
522    544    311    Inf 
521    541    321    Inf 
521    541    322    Inf 
521    542    321    Inf 
521    542    322    Inf 
521    543    321    Inf 
521    543    322    Inf 
521    544    321    Inf 
521    544    322    Inf 
522    541    321    Inf 
522    541    322    Inf 
522    542    321    Inf 
522    542    322    Inf 
522    543    321    Inf 
522    543    322    Inf 
522    544    321    Inf 
522    544    322    Inf 
531    531    311    Inf 
531    532    311    Inf 
531    533    311    Inf 
532    532    311    Inf 
532    533    311    Inf 
533    533    311    Inf 
531    531    321    Inf 
531    531    322    Inf 
531    532    321    Inf 
531    532    322    Inf 
531    533    321    Inf 
531    533    322    Inf 
532    532    321    Inf 
532    532    322    Inf 
532    533    321    Inf 
532    533    322    Inf 
533    533    321    Inf 
533    533    322    Inf 
531    541    311    Inf 
531    542    311    Inf 
531    543    311    Inf 
531    544    311    Inf 
532    541    311    Inf 
532    542    311    Inf 
532    543    311    Inf 
532    544    311    Inf 
533    541    311    Inf 
533    542    311    Inf 
533    543    311    Inf 
533    544    311    Inf 
531    541    321    Inf 
531    541    322    Inf 
531    542    321    Inf 
531    542    322    Inf 
531    543    321    Inf 
531    543    322    Inf 
531    544    321    Inf 
531    544    322    Inf 
532    541    321    Inf 
532    541    322    Inf 
532    542    321    Inf 
532    542    322    Inf 
532    543    321    Inf 
532    543    322    Inf 
532    544    321    Inf 
532    544    322    Inf 
533    541    321    Inf 
533    541    322    Inf 
533    542    321    Inf 
533    542    322    Inf 
533    543    321    Inf 
533    543    322    Inf 
533    544    321    Inf 
533    544    322    Inf 
541    541    311    Inf 
541    542    311    Inf 
541    543    311    Inf 
541    544    311    Inf 
542    542    311    Inf 
542    543    311    Inf 
542    544    311    Inf 
543    543    311    Inf 
543    544    311    Inf 
544    544    311    Inf 
541    541    321    Inf 
541    541    322    Inf 
541    542    321    Inf 
541    542    322    Inf 
541    543    321    Inf 
541    543    322    Inf 
541    544    321    Inf 
541    544    322    Inf 
542    542    321    Inf 
542    542    322    Inf 
542    543    321    Inf 
542    543    322    Inf 
542    544    321    Inf 
542    544    322    Inf 
543    543    321    Inf 
543    543    322    Inf 
543    544    321    Inf 
543    544    322    Inf 
544    544    321    Inf 
544    544    322    Inf 
511    511    422    BH 
511    521    432    BH 
511    522    433    BH 
511    511    522    BH 
511    521    532    BH 
511    522    533    BH 
511    531    542    BH 
511    532    543    BH 
511    533    544    BH 
521    521    542    BH 
521    522    543    BH 
522    522    544    BH 
511    511    622    BH 
511    521    632    BH 
511    522    633    BH 
511    531    642    BH 
511    532    643    BH 
511    533    644    BH 
511    541    652    BH 
511    542    653    BH 
511    543    654    BH 
511    544    655    BH 
521    521    642    BH 
521    522    643    BH 
522    522    644    BH 
521    531    652    BH 
521    532    653    BH 
521    533    654    BH 
522    531    653    BH 
522    532    654    BH 
522    533    655    BH 
511    611    211    Inf 
511    621    211    Inf 
511    622    211    Inf 
511    631    211    Inf 
511    632    211    Inf 
511    633    211    Inf 
511    641    211    Inf 
511    642    211    Inf 
511    643    211    Inf 
511    644    211    Inf 
511    651    211    Inf 
511    652    211    Inf 
511    653    211    Inf 
511    654    211    Inf 
511    655    211    Inf 
521    611    211    Inf 
522    611    211    Inf 
521    621    211    Inf 
521    622    211    Inf 
522    621    211    Inf 
522    622    211    Inf 
521    631    211    Inf 
521    632    211    Inf 
521    633    211    Inf 
522    631    211    Inf 
522    632    211    Inf 
522    633    211    Inf 
521    641    211    Inf 
521    642    211    Inf 
521    643    211    Inf 
521    644    211    Inf 
522    641    211    Inf 
522    642    211    Inf 
522    643    211    Inf 
522    644    211    Inf 
521    651    211    Inf 
521    652    211    Inf 
521    653    211    Inf 
521    654    211    Inf 
521    655    211    Inf 
522    651    211    Inf 
522    652    211    Inf 
522    653    211    Inf 
522    654    211    Inf 
522    655    211    Inf 
531    611    211    Inf 
532    611    211    Inf 
533    611    211    Inf 
531    621    211    Inf 
531    622    211    Inf 
532    621    211    Inf 
532    622    211    Inf 
533    621    211    Inf 
533    622    211    Inf 
531    631    211    Inf 
531    632    211    Inf 
531    633    211    Inf 
532    631    211    Inf 
532    632    211    Inf 
532    633    211    Inf 
533    631    211    Inf 
533    632    211    Inf 
533    633    211    Inf 
531    641    211    Inf 
531    642    211    Inf 
531    643    211    Inf 
531    644    211    Inf 
532    641    211    Inf 
532    642    211    Inf 
532    643    211    Inf 
532    644    211    Inf 
533    641    211    Inf 
533    642    211    Inf 
533    643    211    Inf 
533    644    211    Inf 
531    651    211    Inf 
531    652    211    Inf 
531    653    211    Inf 
531    654    211    Inf 
531    655    211    Inf 
532    651    211    Inf 
532    652    211    Inf 
532    653    211    Inf 
532    654    211    Inf 
532    655    211    Inf 
533    651    211    Inf 
533    652    211    Inf 
533    653    211    Inf 
533    654    211    Inf 
533    655    211    Inf 
541    611    211    Inf 
542    611    211    Inf 
543    611    211    Inf 
544    611    211    Inf 
541    621    211    Inf 
541    622    211    Inf 
542    621    211    Inf 
542    622    211    Inf 
543    621    211    Inf 
543    622    211    Inf 
544    621    211    Inf 
544    622    211    Inf 
541    631    211    Inf 
541    632    211    Inf 
541    633    211    Inf 
542    631    211    Inf 
542    632    211    Inf 
542    633    211    Inf 
543    631    211    Inf 
543    632    211    Inf 
543    633    211    Inf 
544    631    211    Inf 
544    632    211    Inf 
544    633    211    Inf 
541    641    211    Inf 
541    642    211    Inf 
541    643    211    Inf 
541    644    211    Inf 
542    641    211    Inf 
542    642    211    Inf 
542    643    211    Inf 
542    644    211    Inf 
543    641    211    Inf 
543    642    211    Inf 
543    643    211    Inf 
543    644    211    Inf 
544    641    211    Inf 
544    642    211    Inf 
544    643    211    Inf 
544    644    211    Inf 
541    651    211    Inf 
541    652    211    Inf 
541    653    211    Inf 
541    654    211    Inf 
541    655    211    Inf 
542    651    211    Inf 
542    652    211    Inf 
542    653    211    Inf 
542    654    211    Inf 
542    655    211    Inf 
543    651    211    Inf 
543    652    211    Inf 
543    653    211    Inf 
543    654    211    Inf 
543    655    211    Inf 
544    651    211    Inf 
544    652    211    Inf 
544    653    211    Inf 
544    654    211    Inf 
544    655    211    Inf 
511    611    311    Inf 
511    611    321    Inf 
511    611    322    Inf 
511    621    311    Inf 
511    622    311    Inf 
511    621    321    Inf 
511    621    322    Inf 
511    622    321    Inf 
511    622    322    Inf 
511    631    311    Inf 
511    632    311    Inf 
511    633    311    Inf 
511    631    321    Inf 
511    631    322    Inf 
511    632    321    Inf 
511    632    322    Inf 
511    633    321    Inf 
511    633    322    Inf 
511    641    311    Inf 
511    642    311    Inf 
511    643    311    Inf 
511    644    311    Inf 
511    641    321    Inf 
511    641    322    Inf 
511    642    321    Inf 
511    642    322    Inf 
511    643    321    Inf 
511    643    322    Inf 
511    644    321    Inf 
511    644    322    Inf 
511    651    311    Inf 
511    652    311    Inf 
511    653    311    Inf 
511    654    311    Inf 
511    655    311    Inf 
511    651    321    Inf 
511    651    322    Inf 
511    652    321    Inf 
511    652    322    Inf 
511    653    321    Inf 
511    653    322    Inf 
511    654    321    Inf 
511    654    322    Inf 
511    655    321    Inf 
511    655    322    Inf 
521    611    311    Inf 
522    611    311    Inf 
521    611    321    Inf 
521    611    322    Inf 
522    611    321    Inf 
522    611    322    Inf 
521    621    311    Inf 
521    622    311    Inf 
522    621    311    Inf 
522    622    311    Inf 
521    621    321    Inf 
521    621    322    Inf 
521    622    321    Inf 
521    622    322    Inf 
522    621    321    Inf 
522    621    322    Inf 
522    622    321    Inf 
522    622    322    Inf 
521    631    311    Inf 
521    632    311    Inf 
521    633    311    Inf 
522    631    311    Inf 
522    632    311    Inf 
522    633    311    Inf 
521    631    321    Inf 
521    631    322    Inf 
521    632    321    Inf 
521    632    322    Inf 
521    633    321    Inf 
521    633    322    Inf 
522    631    321    Inf 
522    631    322    Inf 
522    632    321    Inf 
522    632    322    Inf 
522    633    321    Inf 
522    633    322    Inf 
521    641    311    Inf 
521    642    311    Inf 
521    643    311    Inf 
521    644    311    Inf 
522    641    311    Inf 
522    642    311    Inf 
522    643    311    Inf 
522    644    311    Inf 
521    641    321    Inf 
521    641    322    Inf 
521    642    321    Inf 
521    642    322    Inf 
521    643    321    Inf 
521    643    322    Inf 
521    644    321    Inf 
521    644    322    Inf 
522    641    321    Inf 
522    641    322    Inf 
522    642    321    Inf 
522    642    322    Inf 
522    643    321    Inf 
522    643    322    Inf 
522    644    321    Inf 
522    644    322    Inf 
521    651    311    Inf 
521    652    311    Inf 
521    653    311    Inf 
521    654    311    Inf 
521    655    311    Inf 
522    651    311    Inf 
522    652    311    Inf 
522    653    311    Inf 
522    654    311    Inf 
522    655    311    Inf 
521    651    321    Inf 
521    651    322    Inf 
521    652    321    Inf 
521    652    322    Inf 
521    653    321    Inf 
521    653    322    Inf 
521    654    321    Inf 
521    654    322    Inf 
521    655    321    Inf 
521    655    322    Inf 
522    651    321    Inf 
522    651    322    Inf 
522    652    321    Inf 
522    652    322    Inf 
522    653    321    Inf 
522    653    322    Inf 
522    654    321    Inf 
522    654    322    Inf 
522    655    321    Inf 
522    655    322    Inf 
531    611    311    Inf 
532    611    311    Inf 
533    611    311    Inf 
531    611    321    Inf 
531    611    322    Inf 
532    611    321    Inf 
532    611    322    Inf 
533    611    321    Inf 
533    611    322    Inf 
531    621    311    Inf 
531    622    311    Inf 
532    621    311    Inf 
532    622    311    Inf 
533    621    311    Inf 
533    622    311    Inf 
531    621    321    Inf 
531    621    322    Inf 
531    622    321    Inf 
531    622    322    Inf 
532    621    321    Inf 
532    621    322    Inf 
532    622    321    Inf 
532    622    322    Inf 
533    621    321    Inf 
533    621    322    Inf 
533    622    321    Inf 
533    622    322    Inf 
531    631    311    Inf 
531    632    311    Inf 
531    633    311    Inf 
532    631    311    Inf 
532    632    311    Inf 
532    633    311    Inf 
533    631    311    Inf 
533    632    311    Inf 
533    633    311    Inf 
531    631    321    Inf 
531    631    322    Inf 
531    632    321    Inf 
531    632    322    Inf 
531    633    321    Inf 
531    633    322    Inf 
532    631    321    Inf 
532    631    322    Inf 
532    632    321    Inf 
532    632    322    Inf 
532    633    321    Inf 
532    633    322    Inf 
533    631    321    Inf 
533    631    322    Inf 
533    632    321    Inf 
533    632    322    Inf 
533    633    321    Inf 
533    633    322    Inf 
531    641    311    Inf 
531    642    311    Inf 
531    643    311    Inf 
531    644    311    Inf 
532    641    311    Inf 
532    642    311    Inf 
532    643    311    Inf 
532    644    311    Inf 
533    641    311    Inf 
533    642    311    Inf 
533    643    311    Inf 
533    644    311    Inf 
531    641    321    Inf 
531    641    322    Inf 
531    642    321    Inf 
531    642    322    Inf 
531    643    321    Inf 
531    643    322    Inf 
531    644    321    Inf 
531    644    322    Inf 
532    641    321    Inf 
532    641    322    Inf 
532    642    321    Inf 
532    642    322    Inf 
532    643    321    Inf 
532    643    322    Inf 
532    644    321    Inf 
532    644    322    Inf 
533    641    321    Inf 
533    641    322    Inf 
533    642    321    Inf 
533    642    322    Inf 
533    643    321    Inf 
533    643    322    Inf 
533    644    321    Inf 
533    644    322    Inf 
531    651    311    Inf 
531    652    311    Inf 
531    653    311    Inf 
531    654    311    Inf 
531    655    311    Inf 
532    651    311    Inf 
532    652    311    Inf 
532    653    311    Inf 
532    654    311    Inf 
532    655    311    Inf 
533    651    311    Inf 
533    652    311    Inf 
533    653    311    Inf 
533    654    311    Inf 
533    655    311    Inf 
531    651    321    Inf 
531    651    322    Inf 
531    652    321    Inf 
531    652    322    Inf 
531    653    321    Inf 
531    653    322    Inf 
531    654    321    Inf 
531    654    322    Inf 
531    655    321    Inf 
531    655    322    Inf 
532    651    321    Inf 
532    651    322    Inf 
532    652    321    Inf 
532    652    322    Inf 
532    653    321    Inf 
532    653    322    Inf 
532    654    321    Inf 
532    654    322    Inf 
532    655    321    Inf 
532    655    322    Inf 
533    651    321    Inf 
533    651    322    Inf 
533    652    321    Inf 
533    652    322    Inf 
533    653    321    Inf 
533    653    322    Inf 
533    654    321    Inf 
533    654    322    Inf 
533    655    321    Inf 
533    655    322    Inf 
541    611    311    Inf 
542    611    311    Inf 
543    611    311    Inf 
544    611    311    Inf 
541    611    321    Inf 
541    611    322    Inf 
542    611    321    Inf 
542    611    322    Inf 
543    611    321    Inf 
543    611    322    Inf 
544    611    321    Inf 
544    611    322    Inf 
541    621    311    Inf 
541    622    311    Inf 
542    621    311    Inf 
542    622    311    Inf 
543    621    311    Inf 
543    622    311    Inf 
544    621    311    Inf 
544    622    311    Inf 
541    621    321    Inf 
541    621    322    Inf 
541    622    321    Inf 
541    622    322    Inf 
542    621    321    Inf 
542    621    322    Inf 
542    622    321    Inf 
542    622    322    Inf 
543    621    321    Inf 
543    621    322    Inf 
543    622    321    Inf 
543    622    322    Inf 
544    621    321    Inf 
544    621    322    Inf 
544    622    321    Inf 
544    622    322    Inf 
541    631    311    Inf 
541    632    311    Inf 
541    633    311    Inf 
542    631    311    Inf 
542    632    311    Inf 
542    633    311    Inf 
543    631    311    Inf 
543    632    311    Inf 
543    633    311    Inf 
544    631    311    Inf 
544    632    311    Inf 
544    633    311    Inf 
541    631    321    Inf 
541    631    322    Inf 
541    632    321    Inf 
541    632    322    Inf 
541    633    321    Inf 
541    633    322    Inf 
542    631    321    Inf 
542    631    322    Inf 
542    632    321    Inf 
542    632    322    Inf 
542    633    321    Inf 
542    633    322    Inf 
543    631    321    Inf 
543    631    322    Inf 
543    632    321    Inf 
543    632    322    Inf 
543    633    321    Inf 
543    633    322    Inf 
544    631    321    Inf 
544    631    322    Inf 
544    632    321    Inf 
544    632    322    Inf 
544    633    321    Inf 
544    633    322    Inf 
541    641    311    Inf 
541    642    311    Inf 
541    643    311    Inf 
541    644    311    Inf 
542    641    311    Inf 
542    642    311    Inf 
542    643    311    Inf 
542    644    311    Inf 
543    641    311    Inf 
543    642    311    Inf 
543    643    311    Inf 
543    644    311    Inf 
544    641    311    Inf 
544    642    311    Inf 
544    643    311    Inf 
544    644    311    Inf 
541    641    321    Inf 
541    641    322    Inf 
541    642    321    Inf 
541    642    322    Inf 
541    643    321    Inf 
541    643    322    Inf 
541    644    321    Inf 
541    644    322    Inf 
542    641    321    Inf 
542    641    322    Inf 
542    642    321    Inf 
542    642    322    Inf 
542    643    321    Inf 
542    643    322    Inf 
542    644    321    Inf 
542    644    322    Inf 
543    641    321    Inf 
543    641    322    Inf 
543    642    321    Inf 
543    642    322    Inf 
543    643    321    Inf 
543    643    322    Inf 
543    644    321    Inf 
543    644    322    Inf 
544    641    321    Inf 
544    641    322    Inf 
544    642    321    Inf 
544    642    322    Inf 
544    643    321    Inf 
544    643    322    Inf 
544    644    321    Inf 
544    644    322    Inf 
541    651    311    Inf 
541    652    311    Inf 
541    653    311    Inf 
541    654    311    Inf 
541    655    311    Inf 
542    651    311    Inf 
542    652    311    Inf 
542    653    311    Inf 
542    654    311    Inf 
542    655    311    Inf 
543    651    311    Inf 
543    652    311    Inf 
543    653    311    Inf 
543    654    311    Inf 
543    655    311    Inf 
544    651    311    Inf 
544    652    311    Inf 
544    653    311    Inf 
544    654    311    Inf 
544    655    311    Inf 
541    651    321    Inf 
541    651    322    Inf 
541    652    321    Inf 
541    652    322    Inf 
541    653    321    Inf 
541    653    322    Inf 
541    654    321    Inf 
541    654    322    Inf 
541    655    321    Inf 
541    655    322    Inf 
542    651    321    Inf 
542    651    322    Inf 
542    652    321    Inf 
542    652    322    Inf 
542    653    321    Inf 
542    653    322    Inf 
542    654    321    Inf 
542    654    322    Inf 
542    655    321    Inf 
542    655    322    Inf 
543    651    321    Inf 
543    651    322    Inf 
543    652    321    Inf 
543    652    322    Inf 
543    653    321    Inf 
543    653    322    Inf 
543    654    321    Inf 
543    654    322    Inf 
543    655    321    Inf 
543    655    322    Inf 
544    651    321    Inf 
544    651    322    Inf 
544    652    321    Inf 
544    652    322    Inf 
544    653    321    Inf 
544    653    322    Inf 
544    654    321    Inf 
544    654    322    Inf 
544    655    321    Inf 
544    655    322    Inf 
511    611    422    BH 
511    621    432    BH 
511    622    433    BH 
521    611    432    BH 
522    611    433    BH 
511    611    522    BH 
511    621    532    BH 
511    622    533    BH 
511    631    542    BH 
511    632    543    BH 
511    633    544    BH 
521    611    532    BH 
522    611    533    BH 
521    621    542    BH 
521    622    543    BH 
522    621    543    BH 
522    622    544    BH 
531    611    542    BH 
532    611    543    BH 
533    611    544    BH 
511    611    622    BH 
511    621    632    BH 
511    622    633    BH 
511    631    642    BH 
511    632    643    BH 
511    633    644    BH 
511    641    652    BH 
511    642    653    BH 
511    643    654    BH 
511    644    655    BH 
521    611    632    BH 
522    611    633    BH 
521    621    642    BH 
521    622    643    BH 
522    621    643    BH 
522    622    644    BH 
521    631    652    BH 
521    632    653    BH 
521    633    654    BH 
522    631    653    BH 
522    632    654    BH 
522    633    655    BH 
531    611    642    BH 
532    611    643    BH 
533    611    644    BH 
531    621    652    BH 
531    622    653    BH 
532    621    653    BH 
532    622    654    BH 
533    621    654    BH 
533    622    655    BH 
541    611    652    BH 
542    611    653    BH 
543    611    654    BH 
544    611    655    BH 
611    611    211    Inf 
611    621    211    Inf 
611    622    211    Inf 
611    631    211    Inf 
611    632    211    Inf 
611    633    211    Inf 
611    641    211    Inf 
611    642    211    Inf 
611    643    211    Inf 
611    644    211    Inf 
611    651    211    Inf 
611    652    211    Inf 
611    653    211    Inf 
611    654    211    Inf 
611    655    211    Inf 
621    621    211    Inf 
621    622    211    Inf 
622    622    211    Inf 
621    631    211    Inf 
621    632    211    Inf 
621    633    211    Inf 
622    631    211    Inf 
622    632    211    Inf 
622    633    211    Inf 
621    641    211    Inf 
621    642    211    Inf 
621    643    211    Inf 
621    644    211    Inf 
622    641    211    Inf 
622    642    211    Inf 
622    643    211    Inf 
622    644    211    Inf 
621    651    211    Inf 
621    652    211    Inf 
621    653    211    Inf 
621    654    211    Inf 
621    655    211    Inf 
622    651    211    Inf 
622    652    211    Inf 
622    653    211    Inf 
622    654    211    Inf 
622    655    211    Inf 
631    631    211    Inf 
631    632    211    Inf 
631    633    211    Inf 
632    632    211    Inf 
632    633    211    Inf 
633    633    211    Inf 
631    641    211    Inf 
631    642    211    Inf 
631    643    211    Inf 
631    644    211    Inf 
632    641    211    Inf 
632    642    211    Inf 
632    643    211    Inf 
632    644    211    Inf 
633    641    211    Inf 
633    642    211    Inf 
633    643    211    Inf 
633    644    211    Inf 
631    651    211    Inf 
631    652    211    Inf 
631    653    211    Inf 
631    654    211    Inf 
631    655    211    Inf 
632    651    211    Inf 
632    652    211    Inf 
632    653    211    Inf 
632    654    211    Inf 
632    655    211    Inf 
633    651    211    Inf 
633    652    211    Inf 
633    653    211    Inf 
633    654    211    Inf 
633    655    211    Inf 
641    641    211    Inf 
641    642    211    Inf 
641    643    211    Inf 
641    644    211    Inf 
642    642    211    Inf 
642    643    211    Inf 
642    644    211    Inf 
643    643    211    Inf 
643    644    211    Inf 
644    644    211    Inf 
641    651    211    Inf 
641    652    211    Inf 
641    653    211    Inf 
641    654    211    Inf 
641    655    211    Inf 
642    651    211    Inf 
642    652    211    Inf 
642    653    211    Inf 
642    654    211    Inf 
642    655    211    Inf 
643    651    211    Inf 
643    652    211    Inf 
643    653    211    Inf 
643    654    211    Inf 
643    655    211    Inf 
644    651    211    Inf 
644    652    211    Inf 
644    653    211    Inf 
644    654    211    Inf 
644    655    211    Inf 
651    651    211    Inf 
651    652    211    Inf 
651    653    211    Inf 
651    654    211    Inf 
651    655    211    Inf 
652    652    211    Inf 
652    653    211    Inf 
652    654    211    Inf 
652    655    211    Inf 
653    653    211    Inf 
653    654    211    Inf 
653    655    211    Inf 
654    654    211    Inf 
654    655    211    Inf 
655    655    211    Inf 
611    611    311    Inf 
611    611    321    Inf 
611    611    322    Inf 
611    621    311    Inf 
611    622    311    Inf 
611    621    321    Inf 
611    621    322    Inf 
611    622    321    Inf 
611    622    322    Inf 
611    631    311    Inf 
611    632    311    Inf 
611    633    311    Inf 
611    631    321    Inf 
611    631    322    Inf 
611    632    321    Inf 
611    632    322    Inf 
611    633    321    Inf 
611    633    322    Inf 
611    641    311    Inf 
611    642    311    Inf 
611    643    311    Inf 
611    644    311    Inf 
611    641    321    Inf 
611    641    322    Inf 
611    642    321    Inf 
611    642    322    Inf 
611    643    321    Inf 
611    643    322    Inf 
611    644    321    Inf 
611    644    322    Inf 
611    651    311    Inf 
611    652    311    Inf 
611    653    311    Inf 
611    654    311    Inf 
611    655    311    Inf 
611    651    321    Inf 
611    651    322    Inf 
611    652    321    Inf 
611    652    322    Inf 
611    653    321    Inf 
611    653    322    Inf 
611    654    321    Inf 
611    654    322    Inf 
611    655    321    Inf 
611    655    322    Inf 
621    621    311    Inf 
621    622    311    Inf 
622    622    311    Inf 
621    621    321    Inf 
621    621    322    Inf 
621    622    321    Inf 
621    622    322    Inf 
622    622    321    Inf 
622    622    322    Inf 
621    631    311    Inf 
621    632    311    Inf 
621    633    311    Inf 
622    631    311    Inf 
622    632    311    Inf 
622    633    311    Inf 
621    631    321    Inf 
621    631    322    Inf 
621    632    321    Inf 
621    632    322    Inf 
621    633    321    Inf 
621    633    322    Inf 
622    631    321    Inf 
622    631    322    Inf 
622    632    321    Inf 
622    632    322    Inf 
622    633    321    Inf 
622    633    322    Inf 
621    641    311    Inf 
621    642    311    Inf 
621    643    311    Inf 
621    644    311    Inf 
622    641    311    Inf 
622    642    311    Inf 
622    643    311    Inf 
622    644    311    Inf 
621    641    321    Inf 
621    641    322    Inf 
621    642    321    Inf 
621    642    322    Inf 
621    643    321    Inf 
621    643    322    Inf 
621    644    321    Inf 
621    644    322    Inf 
622    641    321    Inf 
622    641    322    Inf 
622    642    321    Inf 
622    642    322    Inf 
622    643    321    Inf 
622    643    322    Inf 
622    644    321    Inf 
622    644    322    Inf 
621    651    311    Inf 
621    652    311    Inf 
621    653    311    Inf 
621    654    311    Inf 
621    655    311    Inf 
622    651    311    Inf 
622    652    311    Inf 
622    653    311    Inf 
622    654    311    Inf 
622    655    311    Inf 
621    651    321    Inf 
621    651    322    Inf 
621    652    321    Inf 
621    652    322    Inf 
621    653    321    Inf 
621    653    322    Inf 
621    654    321    Inf 
621    654    322    Inf 
621    655    321    Inf 
621    655    322    Inf 
622    651    321    Inf 
622    651    322    Inf 
622    652    321    Inf 
622    652    322    Inf 
622    653    321    Inf 
622    653    322    Inf 
622    654    321    Inf 
622    654    322    Inf 
622    655    321    Inf 
622    655    322    Inf 
631    631    311    Inf 
631    632    311    Inf 
631    633    311    Inf 
632    632    311    Inf 
632    633    311    Inf 
633    633    311    Inf 
631    631    321    Inf 
631    631    322    Inf 
631    632    321    Inf 
631    632    322    Inf 
631    633    321    Inf 
631    633    322    Inf 
632    632    321    Inf 
632    632    322    Inf 
632    633    321    Inf 
632    633    322    Inf 
633    633    321    Inf 
633    633    322    Inf 
631    641    311    Inf 
631    642    311    Inf 
631    643    311    Inf 
631    644    311    Inf 
632    641    311    Inf 
632    642    311    Inf 
632    643    311    Inf 
632    644    311    Inf 
633    641    311    Inf 
633    642    311    Inf 
633    643    311    Inf 
633    644    311    Inf 
631    641    321    Inf 
631    641    322    Inf 
631    642    321    Inf 
631    642    322    Inf 
631    643    321    Inf 
631    643    322    Inf 
631    644    321    Inf 
631    644    322    Inf 
632    641    321    Inf 
632    641    322    Inf 
632    642    321    Inf 
632    642    322    Inf 
632    643    321    Inf 
632    643    322    Inf 
632    644    321    Inf 
632    644    322    Inf 
633    641    321    Inf 
633    641    322    Inf 
633    642    321    Inf 
633    642    322    Inf 
633    643    321    Inf 
633    643    322    Inf 
633    644    321    Inf 
633    644    322    Inf 
631    651    311    Inf 
631    652    311    Inf 
631    653    311    Inf 
631    654    311    Inf 
631    655    311    Inf 
632    651    311    Inf 
632    652    311    Inf 
632    653    311    Inf 
632    654    311    Inf 
632    655    311    Inf 
633    651    311    Inf 
633    652    311    Inf 
633    653    311    Inf 
633    654    311    Inf 
633    655    311    Inf 
631    651    321    Inf 
631    651    322    Inf 
631    652    321    Inf 
631    652    322    Inf 
631    653    321    Inf 
631    653    322    Inf 
631    654    321    Inf 
631    654    322    Inf 
631    655    321    Inf 
631    655    322    Inf 
632    651    321    Inf 
632    651    322    Inf 
632    652    321    Inf 
632    652    322    Inf 
632    653    321    Inf 
632    653    322    Inf 
632    654    321    Inf 
632    654    322    Inf 
632    655    321    Inf 
632    655    322    Inf 
633    651    321    Inf 
633    651    322    Inf 
633    652    321    Inf 
633    652    322    Inf 
633    653    321    Inf 
633    653    322    Inf 
633    654    321    Inf 
633    654    322    Inf 
633    655    321    Inf 
633    655    322    Inf 
641    641    311    Inf 
641    642    311    Inf 
641    643    311    Inf 
641    644    311    Inf 
642    642    311    Inf 
642    643    311    Inf 
642    644    311    Inf 
643    643    311    Inf 
643    644    311    Inf 
644    644    311    Inf 
641    641    321    Inf 
641    641    322    Inf 
641    642    321    Inf 
641    642    322    Inf 
641    643    321    Inf 
641    643    322    Inf 
641    644    321    Inf 
641    644    322    Inf 
642    642    321    Inf 
642    642    322    Inf 
642    643    321    Inf 
642    643    322    Inf 
642    644    321    Inf 
642    644    322    Inf 
643    643    321    Inf 
643    643    322    Inf 
643    644    321    Inf 
643    644    322    Inf 
644    644    321    Inf 
644    644    322    Inf 
641    651    311    Inf 
641    652    311    Inf 
641    653    311    Inf 
641    654    311    Inf 
641    655    311    Inf 
642    651    311    Inf 
642    652    311    Inf 
642    653    311    Inf 
642    654    311    Inf 
642    655    311    Inf 
643    651    311    Inf 
643    652    311    Inf 
643    653    311    Inf 
643    654    311    Inf 
643    655    311    Inf 
644    651    311    Inf 
644    652    311    Inf 
644    653    311    Inf 
644    654    311    Inf 
644    655    311    Inf 
641    651    321    Inf 
641    651    322    Inf 
641    652    321    Inf 
641    652    322    Inf 
641    653    321    Inf 
641    653    322    Inf 
641    654    321    Inf 
641    654    322    Inf 
641    655    321    Inf 
641    655    322    Inf 
642    651    321    Inf 
642    651    322    Inf 
642    652    321    Inf 
642    652    322    Inf 
642    653    321    Inf 
642    653    322    Inf 
642    654    321    Inf 
642    654    322    Inf 
642    655    321    Inf 
642    655    322    Inf 
643    651    321    Inf 
643    651    322    Inf 
643    652    321    Inf 
643    652    322    Inf 
643    653    321    Inf 
643    653    322    Inf 
643    654    321    Inf 
643    654    322    Inf 
643    655    321    Inf 
643    655    322    Inf 
644    651    321    Inf 
644    651    322    Inf 
644    652    321    Inf 
644    652    322    Inf 
644    653    321    Inf 
644    653    322    Inf 
644    654    321    Inf 
644    654    322    Inf 
644    655    321    Inf 
644    655    322    Inf 
651    651    311    Inf 
651    652    311    Inf 
651    653    311    Inf 
651    654    311    Inf 
651    655    311    Inf 
652    652    311    Inf 
652    653    311    Inf 
652    654    311    Inf 
652    655    311    Inf 
653    653    311    Inf 
653    654    311    Inf 
653    655    311    Inf 
654    654    311    Inf 
654    655    311    Inf 
655    655    311    Inf 
651    651    321    Inf 
651    651    322    Inf 
651    652    321    Inf 
651    652    322    Inf 
651    653    321    Inf 
651    653    322    Inf 
651    654    321    Inf 
651    654    322    Inf 
651    655    321    Inf 
651    655    322    Inf 
652    652    321    Inf 
652    652    322    Inf 
652    653    321    Inf 
652    653    322    Inf 
652    654    321    Inf 
652    654    322    Inf 
652    655    321    Inf 
652    655    322    Inf 
653    653    321    Inf 
653    653    322    Inf 
653    654    321    Inf 
653    654    322    Inf 
653    655    321    Inf 
653    655    322    Inf 
654    654    321    Inf 
654    654    322    Inf 
654    655    321    Inf 
654    655    322    Inf 
655    655    321    Inf 
655    655    322    Inf 
611    611    411    Inf 
611    611    421    Inf 
611    611    422    Inf 
611    611    431    Inf 
611    611    432    Inf 
611    611    433    Inf 
611    621    411    Inf 
611    622    411    Inf 
611    621    421    Inf 
611    621    422    Inf 
611    622    421    Inf 
611    622    422    Inf 
611    621    431    Inf 
611    621    432    Inf 
611    621    433    Inf 
611    622    431    Inf 
611    622    432    Inf 
611    622    433    Inf 
611    631    411    Inf 
611    632    411    Inf 
611    633    411    Inf 
611    631    421    Inf 
611    631    422    Inf 
611    632    421    Inf 
611    632    422    Inf 
611    633    421    Inf 
611    633    422    Inf 
611    631    431    Inf 
611    631    432    Inf 
611    631    433    Inf 
611    632    431    Inf 
611    632    432    Inf 
611    632    433    Inf 
611    633    431    Inf 
611    633    432    Inf 
611    633    433    Inf 
611    641    411    Inf 
611    642    411    Inf 
611    643    411    Inf 
611    644    411    Inf 
611    641    421    Inf 
611    641    422    Inf 
611    642    421    Inf 
611    642    422    Inf 
611    643    421    Inf 
611    643    422    Inf 
611    644    421    Inf 
611    644    422    Inf 
611    641    431    Inf 
611    641    432    Inf 
611    641    433    Inf 
611    642    431    Inf 
611    642    432    Inf 
611    642    433    Inf 
611    643    431    Inf 
611    643    432    Inf 
611    643    433    Inf 
611    644    431    Inf 
611    644    432    Inf 
611    644    433    Inf 
611    651    411    Inf 
611    652    411    Inf 
611    653    411    Inf 
611    654    411    Inf 
611    655    411    Inf 
611    651    421    Inf 
611    651    422    Inf 
611    652    421    Inf 
611    652    422    Inf 
611    653    421    Inf 
611    653    422    Inf 
611    654    421    Inf 
611    654    422    Inf 
611    655    421    Inf 
611    655    422    Inf 
611    651    431    Inf 
611    651    432    Inf 
611    651    433    Inf 
611    652    431    Inf 
611    652    432    Inf 
611    652    433    Inf 
611    653    431    Inf 
611    653    432    Inf 
611    653    433    Inf 
611    654    431    Inf 
611    654    432    Inf 
611    654    433    Inf 
611    655    431    Inf 
611    655    432    Inf 
611    655    433    Inf 
621    621    411    Inf 
621    622    411    Inf 
622    622    411    Inf 
621    621    421    Inf 
621    621    422    Inf 
621    622    421    Inf 
621    622    422    Inf 
622    622    421    Inf 
622    622    422    Inf 
621    621    431    Inf 
621    621    432    Inf 
621    621    433    Inf 
621    622    431    Inf 
621    622    432    Inf 
621    622    433    Inf 
622    622    431    Inf 
622    622    432    Inf 
622    622    433    Inf 
621    631    411    Inf 
621    632    411    Inf 
621    633    411    Inf 
622    631    411    Inf 
622    632    411    Inf 
622    633    411    Inf 
621    631    421    Inf 
621    631    422    Inf 
621    632    421    Inf 
621    632    422    Inf 
621    633    421    Inf 
621    633    422    Inf 
622    631    421    Inf 
622    631    422    Inf 
622    632    421    Inf 
622    632    422    Inf 
622    633    421    Inf 
622    633    422    Inf 
621    631    431    Inf 
621    631    432    Inf 
621    631    433    Inf 
621    632    431    Inf 
621    632    432    Inf 
621    632    433    Inf 
621    633    431    Inf 
621    633    432    Inf 
621    633    433    Inf 
622    631    431    Inf 
622    631    432    Inf 
622    631    433    Inf 
622    632    431    Inf 
622    632    432    Inf 
622    632    433    Inf 
622    633    431    Inf 
622    633    432    Inf 
622    633    433    Inf 
621    641    411    Inf 
621    642    411    Inf 
621    643    411    Inf 
621    644    411    Inf 
622    641    411    Inf 
622    642    411    Inf 
622    643    411    Inf 
622    644    411    Inf 
621    641    421    Inf 
621    641    422    Inf 
621    642    421    Inf 
621    642    422    Inf 
621    643    421    Inf 
621    643    422    Inf 
621    644    421    Inf 
621    644    422    Inf 
622    641    421    Inf 
622    641    422    Inf 
622    642    421    Inf 
622    642    422    Inf 
622    643    421    Inf 
622    643    422    Inf 
622    644    421    Inf 
622    644    422    Inf 
621    641    431    Inf 
621    641    432    Inf 
621    641    433    Inf 
621    642    431    Inf 
621    642    432    Inf 
621    642    433    Inf 
621    643    431    Inf 
621    643    432    Inf 
621    643    433    Inf 
621    644    431    Inf 
621    644    432    Inf 
621    644    433    Inf 
622    641    431    Inf 
622    641    432    Inf 
622    641    433    Inf 
622    642    431    Inf 
622    642    432    Inf 
622    642    433    Inf 
622    643    431    Inf 
622    643    432    Inf 
622    643    433    Inf 
622    644    431    Inf 
622    644    432    Inf 
622    644    433    Inf 
621    651    411    Inf 
621    652    411    Inf 
621    653    411    Inf 
621    654    411    Inf 
621    655    411    Inf 
622    651    411    Inf 
622    652    411    Inf 
622    653    411    Inf 
622    654    411    Inf 
622    655    411    Inf 
621    651    421    Inf 
621    651    422    Inf 
621    652    421    Inf 
621    652    422    Inf 
621    653    421    Inf 
621    653    422    Inf 
621    654    421    Inf 
621    654    422    Inf 
621    655    421    Inf 
621    655    422    Inf 
622    651    421    Inf 
622    651    422    Inf 
622    652    421    Inf 
622    652    422    Inf 
622    653    421    Inf 
622    653    422    Inf 
622    654    421    Inf 
622    654    422    Inf 
622    655    421    Inf 
622    655    422    Inf 
621    651    431    Inf 
621    651    432    Inf 
621    651    433    Inf 
621    652    431    Inf 
621    652    432    Inf 
621    652    433    Inf 
621    653    431    Inf 
621    653    432    Inf 
621    653    433    Inf 
621    654    431    Inf 
621    654    432    Inf 
621    654    433    Inf 
621    655    431    Inf 
621    655    432    Inf 
621    655    433    Inf 
622    651    431    Inf 
622    651    432    Inf 
622    651    433    Inf 
622    652    431    Inf 
622    652    432    Inf 
622    652    433    Inf 
622    653    431    Inf 
622    653    432    Inf 
622    653    433    Inf 
622    654    431    Inf 
622    654    432    Inf 
622    654    433    Inf 
622    655    431    Inf 
622    655    432    Inf 
622    655    433    Inf 
631    631    411    Inf 
631    632    411    Inf 
631    633    411    Inf 
632    632    411    Inf 
632    633    411    Inf 
633    633    411    Inf 
631    631    421    Inf 
631    631    422    Inf 
631    632    421    Inf 
631    632    422    Inf 
631    633    421    Inf 
631    633    422    Inf 
632    632    421    Inf 
632    632    422    Inf 
632    633    421    Inf 
632    633    422    Inf 
633    633    421    Inf 
633    633    422    Inf 
631    631    431    Inf 
631    631    432    Inf 
631    631    433    Inf 
631    632    431    Inf 
631    632    432    Inf 
631    632    433    Inf 
631    633    431    Inf 
631    633    432    Inf 
631    633    433    Inf 
632    632    431    Inf 
632    632    432    Inf 
632    632    433    Inf 
632    633    431    Inf 
632    633    432    Inf 
632    633    433    Inf 
633    633    431    Inf 
633    633    432    Inf 
633    633    433    Inf 
631    641    411    Inf 
631    642    411    Inf 
631    643    411    Inf 
631    644    411    Inf 
632    641    411    Inf 
632    642    411    Inf 
632    643    411    Inf 
632    644    411    Inf 
633    641    411    Inf 
633    642    411    Inf 
633    643    411    Inf 
633    644    411    Inf 
631    641    421    Inf 
631    641    422    Inf 
631    642    421    Inf 
631    642    422    Inf 
631    643    421    Inf 
631    643    422    Inf 
631    644    421    Inf 
631    644    422    Inf 
632    641    421    Inf 
632    641    422    Inf 
632    642    421    Inf 
632    642    422    Inf 
632    643    421    Inf 
632    643    422    Inf 
632    644    421    Inf 
632    644    422    Inf 
633    641    421    Inf 
633    641    422    Inf 
633    642    421    Inf 
633    642    422    Inf 
633    643    421    Inf 
633    643    422    Inf 
633    644    421    Inf 
633    644    422    Inf 
631    641    431    Inf 
631    641    432    Inf 
631    641    433    Inf 
631    642    431    Inf 
631    642    432    Inf 
631    642    433    Inf 
631    643    431    Inf 
631    643    432    Inf 
631    643    433    Inf 
631    644    431    Inf 
631    644    432    Inf 
631    644    433    Inf 
632    641    431    Inf 
632    641    432    Inf 
632    641    433    Inf 
632    642    431    Inf 
632    642    432    Inf 
632    642    433    Inf 
632    643    431    Inf 
632    643    432    Inf 
632    643    433    Inf 
632    644    431    Inf 
632    644    432    Inf 
632    644    433    Inf 
633    641    431    Inf 
633    641    432    Inf 
633    641    433    Inf 
633    642    431    Inf 
633    642    432    Inf 
633    642    433    Inf 
633    643    431    Inf 
633    643    432    Inf 
633    643    433    Inf 
633    644    431    Inf 
633    644    432    Inf 
633    644    433    Inf 
631    651    411    Inf 
631    652    411    Inf 
631    653    411    Inf 
631    654    411    Inf 
631    655    411    Inf 
632    651    411    Inf 
632    652    411    Inf 
632    653    411    Inf 
632    654    411    Inf 
632    655    411    Inf 
633    651    411    Inf 
633    652    411    Inf 
633    653    411    Inf 
633    654    411    Inf 
633    655    411    Inf 
631    651    421    Inf 
631    651    422    Inf 
631    652    421    Inf 
631    652    422    Inf 
631    653    421    Inf 
631    653    422    Inf 
631    654    421    Inf 
631    654    422    Inf 
631    655    421    Inf 
631    655    422    Inf 
632    651    421    Inf 
632    651    422    Inf 
632    652    421    Inf 
632    652    422    Inf 
632    653    421    Inf 
632    653    422    Inf 
632    654    421    Inf 
632    654    422    Inf 
632    655    421    Inf 
632    655    422    Inf 
633    651    421    Inf 
633    651    422    Inf 
633    652    421    Inf 
633    652    422    Inf 
633    653    421    Inf 
633    653    422    Inf 
633    654    421    Inf 
633    654    422    Inf 
633    655    421    Inf 
633    655    422    Inf 
631    651    431    Inf 
631    651    432    Inf 
631    651    433    Inf 
631    652    431    Inf 
631    652    432    Inf 
631    652    433    Inf 
631    653    431    Inf 
631    653    432    Inf 
631    653    433    Inf 
631    654    431    Inf 
631    654    432    Inf 
631    654    433    Inf 
631    655    431    Inf 
631    655    432    Inf 
631    655    433    Inf 
632    651    431    Inf 
632    651    432    Inf 
632    651    433    Inf 
632    652    431    Inf 
632    652    432    Inf 
632    652    433    Inf 
632    653    431    Inf 
632    653    432    Inf 
632    653    433    Inf 
632    654    431    Inf 
632    654    432    Inf 
632    654    433    Inf 
632    655    431    Inf 
632    655    432    Inf 
632    655    433    Inf 
633    651    431    Inf 
633    651    432    Inf 
633    651    433    Inf 
633    652    431    Inf 
633    652    432    Inf 
633    652    433    Inf 
633    653    431    Inf 
633    653    432    Inf 
633    653    433    Inf 
633    654    431    Inf 
633    654    432    Inf 
633    654    433    Inf 
633    655    431    Inf 
633    655    432    Inf 
633    655    433    Inf 
641    641    411    Inf 
641    642    411    Inf 
641    643    411    Inf 
641    644    411    Inf 
642    642    411    Inf 
642    643    411    Inf 
642    644    411    Inf 
643    643    411    Inf 
643    644    411    Inf 
644    644    411    Inf 
641    641    421    Inf 
641    641    422    Inf 
641    642    421    Inf 
641    642    422    Inf 
641    643    421    Inf 
641    643    422    Inf 
641    644    421    Inf 
641    644    422    Inf 
642    642    421    Inf 
642    642    422    Inf 
642    643    421    Inf 
642    643    422    Inf 
642    644    421    Inf 
642    644    422    Inf 
643    643    421    Inf 
643    643    422    Inf 
643    644    421    Inf 
643    644    422    Inf 
644    644    421    Inf 
644    644    422    Inf 
641    641    431    Inf 
641    641    432    Inf 
641    641    433    Inf 
641    642    431    Inf 
641    642    432    Inf 
641    642    433    Inf 
641    643    431    Inf 
641    643    432    Inf 
641    643    433    Inf 
641    644    431    Inf 
641    644    432    Inf 
641    644    433    Inf 
642    642    431    Inf 
642    642    432    Inf 
642    642    433    Inf 
642    643    431    Inf 
642    643    432    Inf 
642    643    433    Inf 
642    644    431    Inf 
642    644    432    Inf 
642    644    433    Inf 
643    643    431    Inf 
643    643    432    Inf 
643    643    433    Inf 
643    644    431    Inf 
643    644    432    Inf 
643    644    433    Inf 
644    644    431    Inf 
644    644    432    Inf 
644    644    433    Inf 
641    651    411    Inf 
641    652    411    Inf 
641    653    411    Inf 
641    654    411    Inf 
641    655    411    Inf 
642    651    411    Inf 
642    652    411    Inf 
642    653    411    Inf 
642    654    411    Inf 
642    655    411    Inf 
643    651    411    Inf 
643    652    411    Inf 
643    653    411    Inf 
643    654    411    Inf 
643    655    411    Inf 
644    651    411    Inf 
644    652    411    Inf 
644    653    411    Inf 
644    654    411    Inf 
644    655    411    Inf 
641    651    421    Inf 
641    651    422    Inf 
641    652    421    Inf 
641    652    422    Inf 
641    653    421    Inf 
641    653    422    Inf 
641    654    421    Inf 
641    654    422    Inf 
641    655    421    Inf 
641    655    422    Inf 
642    651    421    Inf 
642    651    422    Inf 
642    652    421    Inf 
642    652    422    Inf 
642    653    421    Inf 
642    653    422    Inf 
642    654    421    Inf 
642    654    422    Inf 
642    655    421    Inf 
642    655    422    Inf 
643    651    421    Inf 
643    651    422    Inf 
643    652    421    Inf 
643    652    422    Inf 
643    653    421    Inf 
643    653    422    Inf 
643    654    421    Inf 
643    654    422    Inf 
643    655    421    Inf 
643    655    422    Inf 
644    651    421    Inf 
644    651    422    Inf 
644    652    421    Inf 
644    652    422    Inf 
644    653    421    Inf 
644    653    422    Inf 
644    654    421    Inf 
644    654    422    Inf 
644    655    421    Inf 
644    655    422    Inf 
641    651    431    Inf 
641    651    432    Inf 
641    651    433    Inf 
641    652    431    Inf 
641    652    432    Inf 
641    652    433    Inf 
641    653    431    Inf 
641    653    432    Inf 
641    653    433    Inf 
641    654    431    Inf 
641    654    432    Inf 
641    654    433    Inf 
641    655    431    Inf 
641    655    432    Inf 
641    655    433    Inf 
642    651    431    Inf 
642    651    432    Inf 
642    651    433    Inf 
642    652    431    Inf 
642    652    432    Inf 
642    652    433    Inf 
642    653    431    Inf 
642    653    432    Inf 
642    653    433    Inf 
642    654    431    Inf 
642    654    432    Inf 
642    654    433    Inf 
642    655    431    Inf 
642    655    432    Inf 
642    655    433    Inf 
643    651    431    Inf 
643    651    432    Inf 
643    651    433    Inf 
643    652    431    Inf 
643    652    432    Inf 
643    652    433    Inf 
643    653    431    Inf 
643    653    432    Inf 
643    653    433    Inf 
643    654    431    Inf 
643    654    432    Inf 
643    654    433    Inf 
643    655    431    Inf 
643    655    432    Inf 
643    655    433    Inf 
644    651    431    Inf 
644    651    432    Inf 
644    651    433    Inf 
644    652    431    Inf 
644    652    432    Inf 
644    652    433    Inf 
644    653    431    Inf 
644    653    432    Inf 
644    653    433    Inf 
644    654    431    Inf 
644    654    432    Inf 
644    654    433    Inf 
644    655    431    Inf 
644    655    432    Inf 
644    655    433    Inf 
651    651    411    Inf 
651    652    411    Inf 
651    653    411    Inf 
651    654    411    Inf 
651    655    411    Inf 
652    652    411    Inf 
652    653    411    Inf 
652    654    411    Inf 
652    655    411    Inf 
653    653    411    Inf 
653    654    411    Inf 
653    655    411    Inf 
654    654    411    Inf 
654    655    411    Inf 
655    655    411    Inf 
651    651    421    Inf 
651    651    422    Inf 
651    652    421    Inf 
651    652    422    Inf 
651    653    421    Inf 
651    653    422    Inf 
651    654    421    Inf 
651    654    422    Inf 
651    655    421    Inf 
651    655    422    Inf 
652    652    421    Inf 
652    652    422    Inf 
652    653    421    Inf 
652    653    422    Inf 
652    654    421    Inf 
652    654    422    Inf 
652    655    421    Inf 
652    655    422    Inf 
653    653    421    Inf 
653    653    422    Inf 
653    654    421    Inf 
653    654    422    Inf 
653    655    421    Inf 
653    655    422    Inf 
654    654    421    Inf 
654    654    422    Inf 
654    655    421    Inf 
654    655    422    Inf 
655    655    421    Inf 
655    655    422    Inf 
651    651    431    Inf 
651    651    432    Inf 
651    651    433    Inf 
651    652    431    Inf 
651    652    432    Inf 
651    652    433    Inf 
651    653    431    Inf 
651    653    432    Inf 
651    653    433    Inf 
651    654    431    Inf 
651    654    432    Inf 
651    654    433    Inf 
651    655    431    Inf 
651    655    432    Inf 
651    655    433    Inf 
652    652    431    Inf 
652    652    432    Inf 
652    652    433    Inf 
652    653    431    Inf 
652    653    432    Inf 
652    653    433    Inf 
652    654    431    Inf 
652    654    432    Inf 
652    654    433    Inf 
652    655    431    Inf 
652    655    432    Inf 
652    655    433    Inf 
653    653    431    Inf 
653    653    432    Inf 
653    653    433    Inf 
653    654    431    Inf 
653    654    432    Inf 
653    654    433    Inf 
653    655    431    Inf 
653    655    432    Inf 
653    655    433    Inf 
654    654    431    Inf 
654    654    432    Inf 
654    654    433    Inf 
654    655    431    Inf 
654    655    432    Inf 
654    655    433    Inf 
655    655    431    Inf 
655    655    432    Inf 
655    655    433    Inf 
611    611    522    BH 
611    621    532    BH 
611    622    533    BH 
611    631    542    BH 
611    632    543    BH 
611    633    544    BH 
621    621    542    BH 
621    622    543    BH 
622    622    544    BH 
611    611    622    BH 
611    621    632    BH 
611    622    633    BH 
611    631    642    BH 
611    632    643    BH 
611    633    644    BH 
611    641    652    BH 
611    642    653    BH 
611    643    654    BH 
611    644    655    BH 
621    621    642    BH 
621    622    643    BH 
622    622    644    BH 
621    631    652    BH 
621    632    653    BH 
621    633    654    BH 
622    631    653    BH 
622    632    654    BH 
622    633    655    BH 
433    433    766    BH 
533    533    766    BH 
544    544    988    BH 
633    633    766    BH 
644    644    988    BH 
655    655    111    BH 
766    766    433    Inf 
988    988    544    Inf 
988    988    644    Inf 
988    988    654    Inf 
111    111    655    Inf 
