211    211    322    BH 
211    211    422    BH 
211    311    322    BH 
211    311    422    BH 
211    321    432    BH 
211    322    433    BH 
211    411    322    BH 
211    411    422    BH 
211    421    432    BH 
211    422    433    BH 
311    311    211    Inf 
311    321    211    Inf 
311    322    211    Inf 
321    321    211    Inf 
321    322    211    Inf 
322    322    211    Inf 
311    311    322    BH 
311    311    422    BH 
311    321    432    BH 
311    322    433    BH 
311    411    211    Inf 
311    421    211    Inf 
311    422    211    Inf 
311    431    211    Inf 
311    432    211    Inf 
311    433    211    Inf 
321    411    211    Inf 
322    411    211    Inf 
321    421    211    Inf 
321    422    211    Inf 
322    421    211    Inf 
322    422    211    Inf 
321    431    211    Inf 
321    432    211    Inf 
321    433    211    Inf 
322    431    211    Inf 
322    432    211    Inf 
322    433    211    Inf 
311    411    322    BH 
311    411    422    BH 
311    421    432    BH 
311    422    433    BH 
321    411    432    BH 
322    411    433    BH 
411    411    211    Inf 
411    421    211    Inf 
411    422    211    Inf 
411    431    211    Inf 
411    432    211    Inf 
411    433    211    Inf 
421    421    211    Inf 
421    422    211    Inf 
422    422    211    Inf 
421    431    211    Inf 
421    432    211    Inf 
421    433    211    Inf 
422    431    211    Inf 
422    432    211    Inf 
422    433    211    Inf 
431    431    211    Inf 
431    432    211    Inf 
431    433    211    Inf 
432    432    211    Inf 
432    433    211    Inf 
433    433    211    Inf 
411    411    322    BH 
411    411    422    BH 
411    421    432    BH 
411    422    433    BH 
322    322    544    BH 
422    422    544    BH 
433    433    766    BH 
