0.03	7.566812223530149e-22
0.04804383942056738	2.908421382127528e-20
0.06608767884113476	2.841451631080388e-19
0.08413151826170213	1.6604462802595865e-18
0.10217535768226953	7.374970134381166e-18
0.1202191971028369	2.469117920761094e-17
0.13826303652340427	6.940903822213089e-17
0.15630687594397166	1.6941147209866956e-16
0.17435071536453906	3.94084408946153e-16
0.19239455478510642	8.133716283832295e-16
0.2104383942056738	1.4931576905686812e-15
0.22848223362624118	2.837815541609453e-15
0.24652607304680857	5.104353756726493e-15
0.26456991246737593	7.385138716853753e-15
0.28261375188794335	1.201435733051335e-14
0.3006575913085107	1.721466527162932e-14
0.3187014307290781	2.346990122280927e-14
0.33674527014964545	3.20708606428239e-14
0.35478910957021287	3.7467843679545295e-14
