0.03	1.1439263269611523e-24
0.04804383942056738	6.988763189064355e-22
0.06608767884113476	2.793030354082267e-20
0.08413151826170213	5.291425790801088e-19
0.10217535768226953	6.620479119842696e-18
0.1202191971028369	5.445302579566567e-17
0.13826303652340427	3.8167535273775486e-16
0.15630687594397166	1.743077549952532e-15
0.17435071536453906	5.197332068400097e-15
0.19239455478510642	1.2634909933718025e-14
0.2104383942056738	2.444590461142459e-14
0.22848223362624118	4.304434858987638e-14
0.24652607304680857	7.308228505870954e-14
0.26456991246737593	1.1359151519320956e-13
0.28261375188794335	1.9018997515885105e-13
0.3006575913085107	2.940354978322594e-13
0.3187014307290781	4.5443364903358425e-13
0.33674527014964545	6.997844126410672e-13
0.35478910957021287	1.0602975094589032e-12
