0.03	2.967310424548127e-21
0.04804383942056738	1.3010650129805248e-19
0.06608767884113476	1.6451969094908884e-18
0.08413151826170213	1.0956165656856567e-17
0.10217535768226953	4.9423786739789795e-17
0.1202191971028369	1.9153902418357162e-16
0.13826303652340427	5.747507268065199e-16
0.15630687594397166	1.5611978805079176e-15
0.17435071536453906	3.776711112516575e-15
0.19239455478510642	8.28679949218248e-15
0.2104383942056738	1.671524086198619e-14
0.22848223362624118	3.180886463855919e-14
0.24652607304680857	6.262665768632848e-14
0.26456991246737593	1.1595625508954191e-13
0.28261375188794335	1.8519317048841578e-13
0.3006575913085107	2.77887918058388e-13
0.3187014307290781	4.993084890222658e-13
0.33674527014964545	6.006412253332256e-13
0.35478910957021287	1.0680866322329414e-12
