0.03	2.4108248376743827e-23
0.04804383942056738	9.488335493655163e-22
0.06608767884113476	1.299881242035976e-20
0.08413151826170213	8.591170080441691e-20
0.10217535768226953	3.9900489613976313e-19
0.1202191971028369	1.4478031482155803e-18
0.13826303652340427	4.698574973109941e-18
0.15630687594397166	1.1572221493689252e-17
0.17435071536453906	2.6269542685347133e-17
0.19239455478510642	6.421060744158961e-17
0.2104383942056738	1.2710812998393327e-16
0.22848223362624118	2.632688692267885e-16
0.24652607304680857	4.072158500033003e-16
0.26456991246737593	6.958316308312988e-16
0.28261375188794335	1.1670635733697255e-15
0.3006575913085107	1.8522318817405165e-15
0.3187014307290781	2.5930490068503525e-15
0.33674527014964545	3.5424075990449615e-15
0.35478910957021287	4.810206451608885e-15
