0.03	6.951966514546184e-21
0.04804383942056738	2.794624011137797e-19
0.06608767884113476	3.954888349675424e-18
0.08413151826170213	2.6876630180218998e-17
0.10217535768226953	1.3318108696259694e-16
0.1202191971028369	4.899251569775695e-16
0.13826303652340427	1.5665013281715852e-15
0.15630687594397166	4.362075389532201e-15
0.17435071536453906	1.0819260361520549e-14
0.19239455478510642	2.4245795920800524e-14
0.2104383942056738	5.1390146331760453e-14
0.22848223362624118	1.040561807549574e-13
0.24652607304680857	2.0174589544844252e-13
0.26456991246737593	3.824108526211444e-13
0.28261375188794335	6.624848659517841e-13
0.3006575913085107	1.2125429649503769e-12
0.3187014307290781	2.072427315910167e-12
0.33674527014964545	3.4776947715025392e-12
0.35478910957021287	6.085488689403874e-12
