0.03	1.2396889062045327e-20
0.04804383942056738	5.572672479021244e-19
0.06608767884113476	6.931609480494753e-18
0.08413151826170213	4.727525724111601e-17
0.10217535768226953	2.296883574366814e-16
0.1202191971028369	8.719002044274405e-16
0.13826303652340427	3.190310433111105e-15
0.15630687594397166	7.553791629021008e-15
0.17435071536453906	1.9022342312763254e-14
0.19239455478510642	4.416005681091361e-14
0.2104383942056738	9.413735531666989e-14
0.22848223362624118	1.8600107759400524e-13
0.24652607304680857	3.581632804740308e-13
0.26456991246737593	6.831082549397043e-13
0.28261375188794335	1.2564829814714948e-12
0.3006575913085107	2.2901470117991294e-12
0.3187014307290781	3.866508960314527e-12
0.33674527014964545	7.140074521013252e-12
0.35478910957021287	1.2248552516297214e-11
