0.03	1.1881637706355759e-23
0.04804383942056738	5.01907717018871e-22
0.06608767884113476	6.161791975520451e-21
0.08413151826170213	4.4013514168063556e-20
0.10217535768226953	2.080659276887915e-19
0.1202191971028369	7.370691439342372e-19
0.13826303652340427	2.2554689996419274e-18
0.15630687594397166	6.086887745193519e-18
0.17435071536453906	1.402170719693569e-17
0.19239455478510642	3.258633421061735e-17
0.2104383942056738	6.605211514819385e-17
0.22848223362624118	1.251404749044811e-16
0.24652607304680857	2.2323546023866477e-16
0.26456991246737593	3.967494134208921e-16
0.28261375188794335	6.740054915723727e-16
0.3006575913085107	1.0561051559810207e-15
0.3187014307290781	1.6362435229700855e-15
0.33674527014964545	2.5094087974193028e-15
0.35478910957021287	2.829270071713683e-15
