0.03	1.5246111009117165e-22
0.04804383942056738	6.808987216428324e-21
0.06608767884113476	8.619624526178119e-20
0.08413151826170213	6.307209692930644e-19
0.10217535768226953	3.2883729901917367e-18
0.1202191971028369	1.045254778230197e-17
0.13826303652340427	3.5905216792494615e-17
0.15630687594397166	1.0018404386617564e-16
0.17435071536453906	2.4617752854068586e-16
0.19239455478510642	5.69770245553488e-16
0.2104383942056738	1.2815485559111576e-15
0.22848223362624118	2.4547886495843256e-15
0.24652607304680857	4.7581690308672926e-15
0.26456991246737593	9.091654892503585e-15
0.28261375188794335	1.6109523689438977e-14
0.3006575913085107	2.7341014467841445e-14
0.3187014307290781	4.6264398586799523e-14
0.33674527014964545	7.79231950589621e-14
0.35478910957021287	1.2228514909371242e-13
