0.03	1.4858105744527327e-29
0.04804383942056738	6.501919274006134e-27
0.06608767884113476	1.671815998379911e-25
0.08413151826170213	1.2799770462014335e-24
0.10217535768226953	2.8911020201299167e-24
0.1202191971028369	2.4361662364779158e-24
0.13826303652340427	3.8520629572652914e-22
0.15630687594397166	6.250161079196481e-21
0.17435071536453906	5.306182713721342e-20
0.19239455478510642	3.05641506815896e-19
0.2104383942056738	1.3681203189552489e-18
0.22848223362624118	5.03338469463322e-18
0.24652607304680857	1.671572864470745e-17
0.26456991246737593	4.824561302657161e-17
0.28261375188794335	1.3560443126168805e-16
0.3006575913085107	3.321045155304523e-16
0.3187014307290781	7.565594287457181e-16
0.33674527014964545	1.6784295928949572e-15
0.35478910957021287	3.829940945428662e-15
