0.03	1.147885425726695e-21
0.04804383942056738	4.735096434221845e-20
0.06608767884113476	5.729882387081055e-19
0.08413151826170213	4.0264707102133736e-18
0.10217535768226953	1.8892195549979435e-17
0.1202191971028369	6.758899360883655e-17
0.13826303652340427	1.9989919534225477e-16
0.15630687594397166	5.224254256891738e-16
0.17435071536453906	1.2401879128045054e-15
0.19239455478510642	2.7490487906593187e-15
0.2104383942056738	5.620204910943036e-15
0.22848223362624118	1.1467117692199092e-14
0.24652607304680857	2.0956577472351388e-14
0.26456991246737593	3.907055724753783e-14
0.28261375188794335	6.507885272383278e-14
0.3006575913085107	1.0274982177115757e-13
0.3187014307290781	1.7133523642504336e-13
0.33674527014964545	2.7920689344871345e-13
0.35478910957021287	3.9576412942585e-13
