0.03	1.0499324804895173e-20
0.04804383942056738	4.597565715132033e-19
0.06608767884113476	6.040922236935253e-18
0.08413151826170213	4.0671286320551645e-17
0.10217535768226953	1.7309384570269924e-16
0.1202191971028369	6.674833635516643e-16
0.13826303652340427	2.0018876524348096e-15
0.15630687594397166	5.764171299245621e-15
0.17435071536453906	1.2211426896477188e-14
0.19239455478510642	2.571263561237858e-14
0.2104383942056738	5.1945752943037026e-14
0.22848223362624118	1.0944240529314628e-13
0.24652607304680857	2.1148281600285974e-13
0.26456991246737593	3.517633405667804e-13
0.28261375188794335	6.238315951168148e-13
0.3006575913085107	1.0645155627801455e-12
0.3187014307290781	1.710675558604482e-12
0.33674527014964545	2.667677477387967e-12
0.35478910957021287	4.168089150081904e-12
