0.03	2.603512092078172e-22
0.04804383942056738	1.1320927096754913e-20
0.06608767884113476	1.438554265627143e-19
0.08413151826170213	1.0114725265654762e-18
0.10217535768226953	4.349455628691979e-18
0.1202191971028369	1.782148428015579e-17
0.13826303652340427	5.465980741499169e-17
0.15630687594397166	1.3684167434949479e-16
0.17435071536453906	3.364974267642006e-16
0.19239455478510642	7.475203586955538e-16
0.2104383942056738	1.5562987318390997e-15
0.22848223362624118	2.985579577251018e-15
0.24652607304680857	5.488583507357802e-15
0.26456991246737593	9.353086718476047e-15
0.28261375188794335	1.4928544542462444e-14
0.3006575913085107	2.418057909308692e-14
0.3187014307290781	3.861021757855061e-14
0.33674527014964545	5.695770741672193e-14
0.35478910957021287	9.967869089347728e-14
