0.03	4.235323902296856e-21
0.04804383942056738	2.0499034998950451e-19
0.06608767884113476	2.2007218474634424e-18
0.08413151826170213	1.6012139944039218e-17
0.10217535768226953	7.781886201958491e-17
0.1202191971028369	2.885051570360131e-16
0.13826303652340427	8.841996450258893e-16
0.15630687594397166	2.2060183941814316e-15
0.17435071536453906	5.699784258426289e-15
0.19239455478510642	1.2630381417586704e-14
0.2104383942056738	2.645508216012133e-14
0.22848223362624118	5.706938187457582e-14
0.24652607304680857	9.527049796045166e-14
0.26456991246737593	1.6986324705003728e-13
0.28261375188794335	2.875963341662986e-13
0.3006575913085107	4.732754469528923e-13
0.3187014307290781	7.552515430449063e-13
0.33674527014964545	1.1103133037079494e-12
0.35478910957021287	1.5930657094991745e-12
