0.03	6.441334316476441e-22
0.04804383942056738	2.562030006894006e-20
0.06608767884113476	3.5248565893727646e-19
0.08413151826170213	2.299456778531092e-18
0.10217535768226953	1.061461944902931e-17
0.1202191971028369	3.7682902360941064e-17
0.13826303652340427	1.2210370194429058e-16
0.15630687594397166	3.0812252392886583e-16
0.17435071536453906	7.394435821604803e-16
0.19239455478510642	1.6674311121605385e-15
0.2104383942056738	3.598071962567598e-15
0.22848223362624118	6.429960650447616e-15
0.24652607304680857	1.1914164120268217e-14
0.26456991246737593	1.962688185035604e-14
0.28261375188794335	3.2861903431519104e-14
0.3006575913085107	5.3092650474875415e-14
0.3187014307290781	7.526354298692864e-14
0.33674527014964545	1.1032547186206958e-13
0.35478910957021287	1.5186483211012169e-13
