0.03	1.6833140731946738e-22
0.04804383942056738	7.188593467459714e-21
0.06608767884113476	1.1140396893930972e-19
0.08413151826170213	6.548903902102199e-19
0.10217535768226953	2.953535738017541e-18
0.1202191971028369	1.168052260564988e-17
0.13826303652340427	3.257197427337384e-17
0.15630687594397166	8.803019652563713e-17
0.17435071536453906	1.9397586990388588e-16
0.19239455478510642	4.579093271210055e-16
0.2104383942056738	9.569097446601298e-16
0.22848223362624118	1.8307976399693458e-15
0.24652607304680857	3.323270843947943e-15
0.26456991246737593	5.5978996230501754e-15
0.28261375188794335	9.188669677756028e-15
0.3006575913085107	1.530448000708144e-14
0.3187014307290781	2.4670997404607668e-14
0.33674527014964545	3.750899328867619e-14
0.35478910957021287	5.797814486633947e-14
