0.03	3.284969515189677e-22
0.04804383942056738	1.438263689143203e-20
0.06608767884113476	1.7816729660135667e-19
0.08413151826170213	1.2702225429962935e-18
0.10217535768226953	6.8080607579957766e-18
0.1202191971028369	2.240046681239511e-17
0.13826303652340427	6.958688956403118e-17
0.15630687594397166	1.8054307261434897e-16
0.17435071536453906	4.1587986120243276e-16
0.19239455478510642	8.964064039912492e-16
0.2104383942056738	1.7557776089416046e-15
0.22848223362624118	3.702253221884577e-15
0.24652607304680857	6.647018805825061e-15
0.26456991246737593	1.1058084827569753e-14
0.28261375188794335	1.9239109893813874e-14
0.3006575913085107	2.999180540455363e-14
0.3187014307290781	4.9443722895907097e-14
0.33674527014964545	7.588663580440517e-14
0.35478910957021287	1.0920659719173356e-13
