0.03	2.195405187517087e-22
0.04804383942056738	8.717665729959157e-21
0.06608767884113476	1.1610176709415082e-19
0.08413151826170213	8.264727605753295e-19
0.10217535768226953	3.676537821060611e-18
0.1202191971028369	1.3306442179142361e-17
0.13826303652340427	3.7118684058894076e-17
0.15630687594397166	1.0762388009248174e-16
0.17435071536453906	2.8040522491851676e-16
0.19239455478510642	5.585369830638397e-16
0.2104383942056738	1.3022199736344572e-15
0.22848223362624118	2.3120530997960586e-15
0.24652607304680857	3.162501900554338e-15
0.26456991246737593	6.696721279577974e-15
0.28261375188794335	1.193446796842616e-14
0.3006575913085107	1.7720725658541918e-14
0.3187014307290781	2.7076643898475304e-14
0.33674527014964545	3.7560983580963246e-14
0.35478910957021287	5.5200803465034275e-14
