0.03	1.2499760830326294e-21
0.04804383942056738	5.4657021773535e-20
0.06608767884113476	6.783397633085227e-19
0.08413151826170213	4.839233943520105e-18
0.10217535768226953	2.1961278163397513e-17
0.1202191971028369	8.222348818397225e-17
0.13826303652340427	2.4129261430526977e-16
0.15630687594397166	6.768209791164893e-16
0.17435071536453906	1.5425475996744754e-15
0.19239455478510642	3.2542768226946584e-15
0.2104383942056738	6.67935538646283e-15
0.22848223362624118	1.285898991181343e-14
0.24652607304680857	2.3200305718338978e-14
0.26456991246737593	4.1457224924516956e-14
0.28261375188794335	6.789804589649878e-14
0.3006575913085107	1.1402929462428774e-13
0.3187014307290781	1.725339797524871e-13
0.33674527014964545	2.5724334372026207e-13
0.35478910957021287	3.7885638063630564e-13
