0.03	4.9013037523346955e-22
0.04804383942056738	2.1433086694311735e-20
0.06608767884113476	2.7660819551056533e-19
0.08413151826170213	1.8867585552198694e-18
0.10217535768226953	8.690515622116389e-18
0.1202191971028369	3.123685429264716e-17
0.13826303652340427	9.825798921981459e-17
0.15630687594397166	2.5444426716972067e-16
0.17435071536453906	6.230553624617312e-16
0.19239455478510642	1.353601547640706e-15
0.2104383942056738	2.9074973740656855e-15
0.22848223362624118	5.314758658339613e-15
0.24652607304680857	8.626469006948427e-15
0.26456991246737593	1.3718434727607326e-14
0.28261375188794335	2.6319369006685727e-14
0.3006575913085107	3.931652355340699e-14
0.3187014307290781	5.888529897836548e-14
0.33674527014964545	8.50698986446357e-14
0.35478910957021287	1.171141114894045e-13
