0.03	7.994712128493017e-21
0.04804383942056738	3.463440376390182e-19
0.06608767884113476	4.194583556991585e-18
0.08413151826170213	2.767795460087534e-17
0.10217535768226953	1.201950027230731e-16
0.1202191971028369	4.554286699017185e-16
0.13826303652340427	1.3756079787457578e-15
0.15630687594397166	3.5590568378589476e-15
0.17435071536453906	8.360854769949042e-15
0.19239455478510642	1.851897161732241e-14
0.2104383942056738	3.9335403426374965e-14
0.22848223362624118	7.398870327901006e-14
0.24652607304680857	1.3119427973110133e-13
0.26456991246737593	2.503386924108833e-13
0.28261375188794335	4.2176835424735857e-13
0.3006575913085107	6.949500216601056e-13
0.3187014307290781	1.1288799264905606e-12
0.33674527014964545	1.5997873285681153e-12
0.35478910957021287	2.445573589635071e-12
