0.03	9.437297837319186e-22
0.04804383942056738	3.8531443262264884e-20
0.06608767884113476	5.239246886878235e-19
0.08413151826170213	3.574593991916151e-18
0.10217535768226953	1.6061288755994475e-17
0.1202191971028369	5.969283375356122e-17
0.13826303652340427	1.825274221782944e-16
0.15630687594397166	4.794859260852805e-16
0.17435071536453906	1.1209593727118183e-15
0.19239455478510642	2.4809954230224085e-15
0.2104383942056738	5.18808696644867e-15
0.22848223362624118	9.821180988631189e-15
0.24652607304680857	1.5901954670257503e-14
0.26456991246737593	2.978027636715814e-14
0.28261375188794335	4.9518339625928314e-14
0.3006575913085107	8.085678862344486e-14
0.3187014307290781	1.1303437511055581e-13
0.33674527014964545	1.6760677265868546e-13
0.35478910957021287	2.133439350131437e-13
