0.03	4.213033388715189e-21
0.04804383942056738	1.823633984169008e-19
0.06608767884113476	2.2579398295131036e-18
0.08413151826170213	1.6564654497665684e-17
0.10217535768226953	8.041432120412955e-17
0.1202191971028369	2.9278923934834593e-16
0.13826303652340427	8.989694541583783e-16
0.15630687594397166	2.4954726233869394e-15
0.17435071536453906	6.068759029188936e-15
0.19239455478510642	1.3300262427439366e-14
0.2104383942056738	2.6559085074244597e-14
0.22848223362624118	5.345788786018762e-14
0.24652607304680857	9.756429826389784e-14
0.26456991246737593	1.7154120996033617e-13
0.28261375188794335	2.850429269337278e-13
0.3006575913085107	5.422602134745666e-13
0.3187014307290781	7.58178747835116e-13
0.33674527014964545	1.1547282559942793e-12
0.35478910957021287	1.7162338330633712e-12
