0.03	1.4177138872980407e-21
0.04804383942056738	6.527202399649991e-20
0.06608767884113476	8.356424679232405e-19
0.08413151826170213	6.002198893152646e-18
0.10217535768226953	2.622189694812835e-17
0.1202191971028369	1.011386673078759e-16
0.13826303652340427	3.1779271913336785e-16
0.15630687594397166	8.021667477781982e-16
0.17435071536453906	1.8557969919007525e-15
0.19239455478510642	4.106463158937957e-15
0.2104383942056738	8.473852323176064e-15
0.22848223362624118	1.5793495824594398e-14
0.24652607304680857	2.8249331469571338e-14
0.26456991246737593	5.1228175784950377e-14
0.28261375188794335	8.748383933190687e-14
0.3006575913085107	1.3127392262427124e-13
0.3187014307290781	2.1914374375448391e-13
0.33674527014964545	3.3001607548436827e-13
0.35478910957021287	5.268415360930423e-13
