0.03	8.142212792279991e-21
0.04804383942056738	3.2901620121008036e-19
0.06608767884113476	3.94858644322458e-18
0.08413151826170213	2.5745134857720348e-17
0.10217535768226953	1.183828823061792e-16
0.1202191971028369	4.398328906779452e-16
0.13826303652340427	1.3271211619232123e-15
0.15630687594397166	3.4071225780537693e-15
0.17435071536453906	8.123305612534278e-15
0.19239455478510642	1.6742869552558152e-14
0.2104383942056738	4.0466529961644374e-14
0.22848223362624118	7.541079311547721e-14
0.24652607304680857	1.3496697640072641e-13
0.26456991246737593	2.481303624034426e-13
0.28261375188794335	4.246680534444748e-13
0.3006575913085107	6.825029046193518e-13
0.3187014307290781	1.1394689877848208e-12
0.33674527014964545	1.7509427860058214e-12
0.35478910957021287	2.6516342354798716e-12
