0.03	4.358049603873501e-21
0.04804383942056738	2.059580882338901e-19
0.06608767884113476	2.1390587991693233e-18
0.08413151826170213	1.7224355994889453e-17
0.10217535768226953	8.149855428332365e-17
0.1202191971028369	2.9526883786409237e-16
0.13826303652340427	9.051624450360666e-16
0.15630687594397166	2.5410036771189622e-15
0.17435071536453906	5.831107102030147e-15
0.19239455478510642	1.303428980325997e-14
0.2104383942056738	2.6959744255115053e-14
0.22848223362624118	5.333934874953123e-14
0.24652607304680857	9.96398683765796e-14
0.26456991246737593	1.6696205887652864e-13
0.28261375188794335	2.9915295415846785e-13
0.3006575913085107	5.034537889586786e-13
0.3187014307290781	7.416279136277966e-13
0.33674527014964545	1.1323625291312242e-12
0.35478910957021287	1.6505843940272212e-12
