0.03	8.022172125942928e-23
0.04804383942056738	3.2634230863993983e-21
0.06608767884113476	4.2234843258737187e-20
0.08413151826170213	2.9726686011644044e-19
0.10217535768226953	1.3924152241916124e-18
0.1202191971028369	5.408170124989192e-18
0.13826303652340427	1.504229919331551e-17
0.15630687594397166	4.229368638345378e-17
0.17435071536453906	1.079175109546588e-16
0.19239455478510642	2.4586904564378264e-16
0.2104383942056738	5.452352625365585e-16
0.22848223362624118	1.0825048276350416e-15
0.24652607304680857	1.9790324131746237e-15
0.26456991246737593	3.729543837582256e-15
0.28261375188794335	6.5685341345424626e-15
0.3006575913085107	1.1456922819820043e-14
0.3187014307290781	1.885294344518793e-14
0.33674527014964545	2.982627168446718e-14
0.35478910957021287	4.6383147749312236e-14
