0.03	5.939592208079011e-23
0.04804383942056738	3.0067402656787783e-21
0.06608767884113476	4.645661242104974e-20
0.08413151826170213	2.797805102205539e-19
0.10217535768226953	1.3234127517693096e-18
0.1202191971028369	4.899072343418899e-18
0.13826303652340427	1.590178848124924e-17
0.15630687594397166	4.407846216735474e-17
0.17435071536453906	1.0602935174620799e-16
0.19239455478510642	2.401798717019076e-16
0.2104383942056738	5.202408519816291e-16
0.22848223362624118	1.0355959772739632e-15
0.24652607304680857	1.9924962270628257e-15
0.26456991246737593	3.799397637810332e-15
0.28261375188794335	6.808382834448267e-15
0.3006575913085107	9.711728600423293e-15
0.3187014307290781	1.985130360229765e-14
0.33674527014964545	3.4032196023045975e-14
0.35478910957021287	5.2189714266686354e-14
