0.03	6.274895298331533e-22
0.04804383942056738	2.7102156059525803e-20
0.06608767884113476	3.472655107087045e-19
0.08413151826170213	2.3751868034485355e-18
0.10217535768226953	1.0895676080472384e-17
0.1202191971028369	4.356171490330349e-17
0.13826303652340427	1.246024082044474e-16
0.15630687594397166	3.327325958054783e-16
0.17435071536453906	8.083762256797598e-16
0.19239455478510642	1.842946661170258e-15
0.2104383942056738	3.3780454391209685e-15
0.22848223362624118	7.292064850745889e-15
0.24652607304680857	1.2543403365779369e-14
0.26456991246737593	1.9853715557493428e-14
0.28261375188794335	3.620372853774004e-14
0.3006575913085107	5.848733502695859e-14
0.3187014307290781	9.040754101856235e-14
0.33674527014964545	1.4550133354845737e-13
0.35478910957021287	2.1537106335418364e-13
