0.03	1.3199967534574158e-22
0.04804383942056738	6.136916042937619e-21
0.06608767884113476	8.329394769535283e-20
0.08413151826170213	5.433244904473163e-19
0.10217535768226953	2.5791490316779052e-18
0.1202191971028369	9.649992018554034e-18
0.13826303652340427	3.054026697867322e-17
0.15630687594397166	8.422629437770193e-17
0.17435071536453906	2.0826124629554575e-16
0.19239455478510642	5.698059070976679e-16
0.2104383942056738	1.1104993611692618e-15
0.22848223362624118	1.9882513953797845e-15
0.24652607304680857	3.8748186566987666e-15
0.26456991246737593	7.345733313350016e-15
0.28261375188794335	1.3076960759782518e-14
0.3006575913085107	2.2488132875172672e-14
0.3187014307290781	3.5902599124333714e-14
0.33674527014964545	5.443830618877183e-14
0.35478910957021287	9.760117680908789e-14
