0.03	5.945968187677444e-24
0.04804383942056738	2.371561762262739e-22
0.06608767884113476	2.812429734101672e-21
0.08413151826170213	1.8114274999814356e-20
0.10217535768226953	7.938259607627797e-20
0.1202191971028369	2.7226467641320727e-19
0.13826303652340427	7.9957035911263005e-19
0.15630687594397166	2.0511135785634685e-18
0.17435071536453906	4.998762709730901e-18
0.19239455478510642	1.0531983002533411e-17
0.2104383942056738	2.1464756525591653e-17
0.22848223362624118	4.228398259030036e-17
0.24652607304680857	7.215656684313391e-17
0.26456991246737593	1.099164548840081e-16
0.28261375188794335	1.4802945640542553e-16
0.3006575913085107	1.7259388047570632e-16
0.3187014307290781	1.7639753900975752e-16
0.33674527014964545	1.4264434677619936e-16
0.35478910957021287	1.5222744081085003e-15
