0.03	1.4551657828253234e-22
0.04804383942056738	5.780181278815531e-21
0.06608767884113476	7.792827138374562e-20
0.08413151826170213	5.503409019994158e-19
0.10217535768226953	2.586981680622973e-18
0.1202191971028369	9.310439464368687e-18
0.13826303652340427	2.8578716933235614e-17
0.15630687594397166	7.818063431741676e-17
0.17435071536453906	1.821474160299417e-16
0.19239455478510642	4.110438441317131e-16
0.2104383942056738	7.629943996111857e-16
0.22848223362624118	1.5173473318010282e-15
0.24652607304680857	2.7188050030923712e-15
0.26456991246737593	4.97592390610003e-15
0.28261375188794335	7.991402659748753e-15
0.3006575913085107	1.3031787701140938e-14
0.3187014307290781	2.0259239315282534e-14
0.33674527014964545	3.170213052869278e-14
0.35478910957021287	4.755575401216937e-14
