0.03	1.45544296868644e-22
0.04804383942056738	6.0887058431730714e-21
0.06608767884113476	8.081131346611749e-20
0.08413151826170213	5.483162666836789e-19
0.10217535768226953	2.6227496221349232e-18
0.1202191971028369	9.875910208633968e-18
0.13826303652340427	3.2553208954896817e-17
0.15630687594397166	8.975540811931044e-17
0.17435071536453906	1.8942341410278898e-16
0.19239455478510642	4.262370567646347e-16
0.2104383942056738	9.226744389547546e-16
0.22848223362624118	1.5811335724731975e-15
0.24652607304680857	2.9045438520046026e-15
0.26456991246737593	6.1110681095487105e-15
0.28261375188794335	9.645376842097306e-15
0.3006575913085107	1.664184613488279e-14
0.3187014307290781	2.7739399663636296e-14
0.33674527014964545	4.4937748670798686e-14
0.35478910957021287	7.034830788369002e-14
