0.03	4.841134667879693e-23
0.04804383942056738	1.6299663792500297e-21
0.06608767884113476	3.002760473982085e-20
0.08413151826170213	1.8459818766561823e-19
0.10217535768226953	8.402801532670196e-19
0.1202191971028369	3.0579950483947233e-18
0.13826303652340427	1.0672419195103726e-17
0.15630687594397166	2.5783286479994585e-17
0.17435071536453906	6.09876422563931e-17
0.19239455478510642	1.373300404178365e-16
0.2104383942056738	2.713983935659602e-16
0.22848223362624118	5.240786748698365e-16
0.24652607304680857	9.430295129027284e-16
0.26456991246737593	1.6734893480542922e-15
0.28261375188794335	3.3820389793108273e-15
0.3006575913085107	4.663057890477314e-15
0.3187014307290781	7.669211677408242e-15
0.33674527014964545	1.1181149360000558e-14
0.35478910957021287	1.591222644612934e-14
