0.04804383942056738	3.010912954325241e-20
0.06608767884113476	3.8655888496171146e-19
0.08413151826170213	2.6803328307425742e-18
0.10217535768226953	1.2779181129442581e-17
0.1202191971028369	4.709234228069761e-17
0.13826303652340427	1.443741309872621e-16
0.19239455478510642	2.0833034044439177e-15
0.2104383942056738	4.32132274474478e-15
0.22848223362624118	8.430971842963733e-15
0.24652607304680857	1.566484943437405e-14
0.28261375188794335	4.832492897985515e-14
0.3006575913085107	8.102951143466706e-14
0.33674527014964545	2.070931039724558e-13
0.35478910957021287	3.212702575504899e-13
