0.03	4.6740262503752206e-23
0.06608767884113476	2.8101804541289e-20
0.08413151826170213	2.0707208687574145e-19
0.1202191971028369	4.4066227667642366e-18
0.13826303652340427	1.5346903932008366e-17
0.15630687594397166	4.6388680363276096e-17
0.2104383942056738	5.314030266326509e-16
0.22848223362624118	9.448423528175421e-16
0.26456991246737593	2.5787852417739974e-15
0.28261375188794335	4.1134633650732005e-15
0.3006575913085107	6.599860247451081e-15
0.33674527014964545	1.648839857765063e-14
0.35478910957021287	2.591366231334536e-14
