0.03	4.822192363165625e-25
0.04804383942056738	2.019449331282756e-23
0.06608767884113476	2.6516956386537276e-22
0.08413151826170213	1.8814012630727566e-21
0.10217535768226953	9.231758664617999e-21
0.1202191971028369	3.023947111730782e-20
0.13826303652340427	9.529624219929797e-20
0.15630687594397166	2.4863473560627796e-19
0.17435071536453906	6.116732533246362e-19
0.19239455478510642	1.305798215076535e-18
0.2104383942056738	2.7119392199058176e-18
0.22848223362624118	4.942207615441593e-18
0.24652607304680857	8.877143871205016e-18
0.26456991246737593	1.475230905472801e-17
0.28261375188794335	2.5596036622299066e-17
0.3006575913085107	4.031254957124566e-17
0.3187014307290781	6.092525202001655e-17
0.33674527014964545	9.284500037613261e-17
0.35478910957021287	1.3928862591635305e-16
