0.03	5.746778402004017e-28
0.04804383942056738	9.885522243951692e-25
0.06608767884113476	2.2225128838882104e-23
0.08413151826170213	1.5072144632411093e-22
0.10217535768226953	6.728505544914045e-22
0.1202191971028369	2.207896656127175e-21
0.13826303652340427	6.145390583544653e-21
0.15630687594397166	1.533834458275999e-20
0.17435071536453906	3.1227733961479787e-20
0.19239455478510642	6.060664038553951e-20
0.2104383942056738	1.1676968046470153e-19
0.22848223362624118	1.8369872285128537e-19
0.24652607304680857	2.7867234491571925e-19
0.26456991246737593	3.726478037253295e-19
0.28261375188794335	4.678506316885114e-19
0.3006575913085107	6.105655408773077e-19
0.3187014307290781	5.250543555612843e-19
0.33674527014964545	4.170934298643574e-19
0.35478910957021287	1.9820304736745418e-19
