0.03	2.236740664419035e-27
0.06766662620955581	6.679287355016064e-23
0.10533325241911162	1.042028004366606e-20
0.14299987862866745	9.99930915748939e-20
0.18066650483822325	5.024230585809487e-19
0.21833313104777907	1.5756206771749154e-18
0.25599975725733487	3.4902064469336574e-18
0.29366638346689067	4.347967598116429e-18
0.3313330096764465	1.752230507583942e-18
0.3689996358860023	2.566941867983774e-18
0.4066662620955581	7.41602491710953e-17
0.44433288830511397	4.786521116805138e-16
0.48199951451466977	2.196028015244765e-15
0.5196661407242256	7.4913893912512e-15
0.5573327669337814	2.3537199361161414e-14
0.5949993931433372	6.547518121885078e-14
0.632666019352893	1.6385606335004515e-13
0.6703326455624489	4.1047035526918343e-13
0.7079992717720046	6.777299003421328e-12
