0.03	1.3145731245104999e-24
0.04804383942056738	5.2870301958546695e-23
0.06608767884113476	6.282553983341549e-22
0.08413151826170213	3.995017812087625e-21
0.10217535768226953	1.761418942237803e-20
0.1202191971028369	6.323821452911914e-20
0.13826303652340427	1.8962060130490996e-19
0.15630687594397166	5.437327278751326e-19
0.17435071536453906	1.3602785239833122e-18
0.19239455478510642	2.9627977675984592e-18
0.2104383942056738	6.2789895957307345e-18
0.22848223362624118	9.545876390571222e-18
0.24652607304680857	1.2690945419967213e-17
0.26456991246737593	1.4571857087739495e-17
0.28261375188794335	1.3565225154117377e-17
0.3006575913085107	1.0444406284209714e-17
0.3187014307290781	4.172957125288579e-18
0.33674527014964545	9.86827357253932e-20
0.35478910957021287	1.9004590149848896e-17
