0.03	5.0123159176992015e-26
0.04804383942056738	2.1748239602429383e-24
0.06608767884113476	2.5506177079741468e-23
0.08413151826170213	1.6971145741933582e-22
0.10217535768226953	7.743916642564814e-22
0.1202191971028369	2.725310330556237e-21
0.13826303652340427	7.347869417360618e-21
0.15630687594397166	1.7544910220834665e-20
0.17435071536453906	4.287897160414274e-20
0.19239455478510642	8.617656085064831e-20
0.2104383942056738	1.31372422623311e-19
0.22848223362624118	2.131048768263346e-19
0.24652607304680857	3.2242476745425008e-19
0.26456991246737593	4.392008175198597e-19
0.28261375188794335	5.971266113883043e-19
0.3006575913085107	6.390860610880382e-19
0.3187014307290781	6.408638649155047e-19
0.33674527014964545	5.242286384057383e-19
0.35478910957021287	2.911467868130619e-19
