0.03	4.328275118281857e-22
0.04804383942056738	1.8483580935445628e-20
0.06608767884113476	2.4799525880076863e-19
0.08413151826170213	1.7003713014257118e-18
0.10217535768226953	8.230426198928226e-18
0.1202191971028369	2.9033054785026694e-17
0.13826303652340427	9.02391167217386e-17
0.15630687594397166	2.483689514456154e-16
0.17435071536453906	5.800464710344178e-16
0.19239455478510642	1.2302926174833586e-15
0.2104383942056738	2.624653887524156e-15
0.22848223362624118	4.910476148385864e-15
0.24652607304680857	8.675214460177559e-15
0.26456991246737593	1.6542344229668777e-14
0.28261375188794335	2.5932995508786172e-14
0.3006575913085107	4.218751390280462e-14
0.3187014307290781	6.656845681168005e-14
0.33674527014964545	9.928867434218111e-14
0.35478910957021287	1.5486980453157478e-13
