0.03	1.287429105731181e-25
0.04804383942056738	5.9871485843180435e-24
0.06608767884113476	6.634167574885707e-23
0.08413151826170213	4.5140029485624435e-22
0.10217535768226953	2.0384030509295233e-21
0.1202191971028369	6.874173399505473e-21
0.13826303652340427	1.8027960999382962e-20
0.15630687594397166	4.512582751443377e-20
0.17435071536453906	1.0478008025782027e-19
0.19239455478510642	1.8238544460773028e-19
0.2104383942056738	3.032031901355639e-19
0.22848223362624118	5.117604740879711e-19
0.24652607304680857	7.272957577873247e-19
0.26456991246737593	9.639152123164266e-19
0.28261375188794335	1.1154865299586403e-18
0.3006575913085107	1.1099015325230696e-18
0.3187014307290781	9.864607819362264e-19
0.33674527014964545	4.655912942805207e-19
0.35478910957021287	2.3315034313799937e-20
