0.03	1.671023070215385e-25
0.06766662620955581	1.0016936253161669e-22
0.10533325241911162	3.1197621327653848e-21
0.14299987862866745	2.942312202536143e-20
0.18066650483822325	1.491793591582421e-19
0.21833313104777907	4.855413032796323e-19
0.25599975725733487	1.0494828570093223e-18
0.29366638346689067	1.4396528093681765e-18
0.3313330096764465	7.7358009664292e-19
0.3689996358860023	3.8233822425529766e-19
0.4066662620955581	1.7028717738761907e-17
0.44433288830511397	1.2414789128463182e-16
0.48199951451466977	5.735427655669964e-16
0.5196661407242256	2.548571167070493e-15
0.5573327669337814	7.113663822472207e-15
0.5949993931433372	2.4566096475878734e-14
0.632666019352893	5.277714924129669e-14
0.6703326455624489	9.620369732169054e-14
0.7079992717720046	8.251868785358553e-13
