0.03	4.045640219546746e-24
0.04804383942056738	1.8742953541523455e-22
0.06608767884113476	2.5424218695349053e-21
0.08413151826170213	1.6343080342451452e-20
0.10217535768226953	7.806624875569152e-20
0.1202191971028369	2.8847487472658303e-19
0.13826303652340427	8.431655159384628e-19
0.15630687594397166	2.2762081339273574e-18
0.17435071536453906	5.770436317816099e-18
0.19239455478510642	1.3070839717055173e-17
0.2104383942056738	2.4603203139801186e-17
0.22848223362624118	5.1802963428515905e-17
0.24652607304680857	8.925074532411558e-17
0.26456991246737593	1.5754333210718228e-16
0.28261375188794335	2.5896807950372405e-16
0.3006575913085107	4.69020435651873e-16
0.3187014307290781	8.033069025934646e-16
0.33674527014964545	1.1621454899018128e-15
0.35478910957021287	1.720070649039266e-15
