0.03	1.2547466844349944e-22
0.04804383942056738	5.549947763203779e-21
0.06608767884113476	6.322412691180316e-20
0.08413151826170213	4.724008034425826e-19
0.10217535768226953	2.268841153553291e-18
0.1202191971028369	8.189791909469659e-18
0.13826303652340427	3.122388517842545e-17
0.15630687594397166	6.549622375606821e-17
0.17435071536453906	1.6366042764220498e-16
0.19239455478510642	3.442562632409264e-16
0.2104383942056738	6.909220419297698e-16
0.22848223362624118	1.342193593967275e-15
0.24652607304680857	2.4668075822279684e-15
0.26456991246737593	4.179797370627033e-15
0.28261375188794335	7.160257321174782e-15
0.3006575913085107	1.1557209457413116e-14
0.3187014307290781	1.588865520211453e-14
0.33674527014964545	2.8397931352991196e-14
0.35478910957021287	4.2332496015852627e-14
