0.03	1.8003584240891622e-27
0.06766662620955581	7.269198714696427e-23
0.10533325241911162	2.7614385339372893e-21
0.14299987862866745	2.6131484992863764e-20
0.18066650483822325	1.1664933133747044e-19
0.21833313104777907	4.0668312031381313e-19
0.25599975725733487	9.2263784231208e-19
0.29366638346689067	1.1700383251340224e-18
0.3313330096764465	5.3569224663245795e-19
0.3689996358860023	5.225189812661518e-19
0.4066662620955581	1.7603930710972785e-17
0.44433288830511397	1.2266978008240155e-16
0.48199951451466977	5.510996583553936e-16
0.5196661407242256	1.92443002428001e-15
0.5573327669337814	6.152828992608108e-15
0.5949993931433372	1.6747294486027827e-14
0.632666019352893	4.5515068260291916e-14
0.6703326455624489	1.1217917690606733e-13
0.7079992717720046	6.258878884178634e-13
