0.03	5.4826782869613595e-28
0.04804383942056738	2.18708210965218e-25
0.06608767884113476	3.636887543396308e-23
0.08413151826170213	3.972059286927543e-22
0.10217535768226953	1.8456195894181783e-21
0.1202191971028369	6.1709471003652294e-21
0.13826303652340427	1.8605211994528158e-20
0.15630687594397166	4.1251803672691745e-20
0.17435071536453906	8.948126486440894e-20
0.19239455478510642	1.7563538421735561e-19
0.2104383942056738	3.001755948427712e-19
0.22848223362624118	4.83999612782026e-19
0.24652607304680857	7.181465729391725e-19
0.26456991246737593	9.930973295159017e-19
0.28261375188794335	1.2213557725923482e-18
0.3006575913085107	1.4005934123963443e-18
0.3187014307290781	1.4036179061966155e-18
0.33674527014964545	1.0372542906973488e-18
0.35478910957021287	4.714547094335609e-19
