0.03	7.413819205423136e-24
0.04804383942056738	2.612844379893054e-22
0.06608767884113476	3.993353481063324e-21
0.08413151826170213	2.7299025552016805e-20
0.10217535768226953	1.2993024225259394e-19
0.1202191971028369	4.571744795630882e-19
0.13826303652340427	1.4179037444433804e-18
0.15630687594397166	3.4707959470115964e-18
0.17435071536453906	8.664945054529625e-18
0.19239455478510642	1.9472148036192628e-17
0.2104383942056738	3.860772883227713e-17
0.22848223362624118	7.179084186102083e-17
0.24652607304680857	1.205322188952211e-16
0.26456991246737593	2.0414375402874116e-16
0.28261375188794335	3.510221552315683e-16
0.3006575913085107	5.268086517610683e-16
0.3187014307290781	6.96475253342733e-16
0.33674527014964545	9.823084134421623e-16
0.35478910957021287	1.3439131238823356e-15
