0.03	3.5304634673091076e-23
0.04804383942056738	1.6060184217366103e-21
0.06608767884113476	2.0227558815106036e-20
0.08413151826170213	1.4030089389275123e-19
0.10217535768226953	6.803957613383732e-19
0.1202191971028369	2.3857637992833725e-18
0.13826303652340427	7.13818995422339e-18
0.15630687594397166	1.856755935580211e-17
0.17435071536453906	4.5282838692468916e-17
0.19239455478510642	1.1775940852590458e-16
0.2104383942056738	1.90623617946433e-16
0.22848223362624118	3.4348928069024517e-16
0.24652607304680857	6.76454917018918e-16
0.26456991246737593	1.1159898869034058e-15
0.28261375188794335	1.9671432335147635e-15
0.3006575913085107	2.895769803843511e-15
0.3187014307290781	4.514726104683965e-15
0.33674527014964545	6.645775720628471e-15
0.35478910957021287	9.9581914906503e-15
