0.03	4.498666157311013e-23
0.04804383942056738	1.9820822262385248e-21
0.06608767884113476	2.6108311882442584e-20
0.08413151826170213	1.6435174051376704e-19
0.10217535768226953	8.16848723700514e-19
0.1202191971028369	3.167345933801499e-18
0.13826303652340427	9.247603366697407e-18
0.15630687594397166	2.4034962983737284e-17
0.17435071536453906	5.817314620958935e-17
0.19239455478510642	1.332207766307598e-16
0.2104383942056738	2.6291698576876476e-16
0.22848223362624118	5.012218773305851e-16
0.24652607304680857	9.15589399020734e-16
0.26456991246737593	1.5990729356972474e-15
0.28261375188794335	2.7835509442734846e-15
0.3006575913085107	4.417163458053116e-15
0.3187014307290781	7.099037798460908e-15
0.33674527014964545	1.0936366675398741e-14
0.35478910957021287	1.6719418885982785e-14
