0.03	5.961188438599708e-23
0.04804383942056738	2.6507333817613233e-21
0.06608767884113476	3.527376217871505e-20
0.08413151826170213	2.3331165890158677e-19
0.10217535768226953	1.0665016793588575e-18
0.1202191971028369	3.869063477926346e-18
0.13826303652340427	1.2125030843226052e-17
0.15630687594397166	3.0065552753512994e-17
0.17435071536453906	6.878176733228456e-17
0.19239455478510642	1.6503590529853648e-16
0.2104383942056738	3.473275169622091e-16
0.22848223362624118	6.46368479438297e-16
0.24652607304680857	1.0071755812508026e-15
0.26456991246737593	1.854263008462963e-15
0.28261375188794335	2.909036946626482e-15
0.3006575913085107	4.685188505661314e-15
0.3187014307290781	6.142066897537672e-15
0.33674527014964545	8.753788939118167e-15
0.35478910957021287	1.1187582348381424e-14
