0.03	4.7927874464890246e-23
0.04804383942056738	2.007738889150218e-21
0.06608767884113476	2.614772847717824e-20
0.08413151826170213	1.835141364887467e-19
0.10217535768226953	8.406787366452174e-19
0.1202191971028369	3.659146432447958e-18
0.13826303652340427	9.496105483135751e-18
0.15630687594397166	2.4600011008534622e-17
0.17435071536453906	5.756100088011332e-17
0.19239455478510642	1.2947758034906723e-16
0.2104383942056738	2.6153795591328303e-16
0.22848223362624118	4.764720407271827e-16
0.24652607304680857	7.858176890330737e-16
0.26456991246737593	1.4365222227410575e-15
0.28261375188794335	2.3570090287110527e-15
0.3006575913085107	3.1454209627387396e-15
0.3187014307290781	5.022023901610737e-15
0.33674527014964545	8.390898726231012e-15
0.35478910957021287	1.1388738790718924e-14
