0.03	9.477882678627612e-23
0.04804383942056738	3.951775656606204e-21
0.06608767884113476	5.212965449358165e-20
0.08413151826170213	3.655655365534698e-19
0.10217535768226953	1.6321918002059738e-18
0.1202191971028369	6.038248761455327e-18
0.13826303652340427	2.0198644989211e-17
0.15630687594397166	4.914087821706621e-17
0.17435071536453906	1.154299773960113e-16
0.19239455478510642	2.534599294592726e-16
0.2104383942056738	4.829542942160348e-16
0.22848223362624118	9.342534471338142e-16
0.24652607304680857	1.6595687156955488e-15
0.26456991246737593	2.9193446381729557e-15
0.28261375188794335	4.541750029361444e-15
0.3006575913085107	7.07268878025205e-15
0.3187014307290781	1.1142245603199606e-14
0.33674527014964545	1.8770123044543127e-14
0.35478910957021287	2.4722550028940053e-14
