0.03	1.8947951502199084e-23
0.04804383942056738	6.601490239640326e-22
0.06608767884113476	8.913287679531962e-21
0.08413151826170213	6.543369455855088e-20
0.10217535768226953	2.778149891564878e-19
0.1202191971028369	1.0045567250237878e-18
0.13826303652340427	3.0698187871526313e-18
0.15630687594397166	6.982032753828502e-18
0.17435071536453906	1.87059410011247e-17
0.19239455478510642	4.101013099274605e-17
0.2104383942056738	8.367780496544622e-17
0.22848223362624118	1.4784550957545325e-16
0.24652607304680857	2.7989397885591313e-16
0.26456991246737593	4.798961286123146e-16
0.28261375188794335	7.718161277583718e-16
0.3006575913085107	1.2800833835105893e-15
0.3187014307290781	1.858454812418257e-15
0.33674527014964545	3.011979998192608e-15
0.35478910957021287	3.965481278224867e-15
