0.03	5.358612427475034e-22
0.06766662620955581	3.4621456263882175e-19
0.14299987862866745	1.235109994272935e-16
0.18066650483822325	7.898647698760041e-16
0.21833313104777907	3.6552508978295654e-15
0.25599975725733487	1.4063423892241208e-14
0.29366638346689067	4.708689602022202e-14
0.3689996358860023	3.8800580397962215e-13
0.4066662620955581	9.54248605911785e-13
0.44433288830511397	2.13243761681112e-12
0.48199951451466977	4.327494338246907e-12
0.5196661407242256	8.18945432284333e-12
0.632666019352893	4.1586743608480523e-11
0.6703326455624489	6.520900685144481e-11
0.7079992717720046	1.0318225051615925e-15
