0.03	3.238135648340276e-22
0.04804383942056738	1.3547795170772321e-20
0.06608767884113476	1.7758960661852942e-19
0.08413151826170213	1.1815057330131297e-18
0.10217535768226953	5.481054319360159e-18
0.1202191971028369	1.986345476996543e-17
0.13826303652340427	5.746392582551357e-17
0.15630687594397166	1.4755622943759245e-16
0.17435071536453906	3.4715343284912445e-16
0.19239455478510642	8.262406347184006e-16
0.2104383942056738	1.6247453483834523e-15
0.22848223362624118	3.235166021237815e-15
0.24652607304680857	6.358418653381857e-15
0.26456991246737593	1.1301576499827519e-14
0.28261375188794335	1.9812999553637227e-14
0.3006575913085107	3.4651545514526355e-14
0.3187014307290781	5.927890449876668e-14
0.33674527014964545	9.801189859728952e-14
0.35478910957021287	1.6005064842552136e-13
