0.03	5.475583806281264e-23
0.04804383942056738	2.404762370560253e-21
0.06608767884113476	3.0509442485629856e-20
0.08413151826170213	2.0864465055402545e-19
0.10217535768226953	1.0303031805674984e-18
0.1202191971028369	3.555108483430221e-18
0.13826303652340427	1.2585483785294487e-17
0.15630687594397166	2.907392734983501e-17
0.17435071536453906	7.197056461864074e-17
0.19239455478510642	1.5299932224991331e-16
0.2104383942056738	2.91409747585774e-16
0.22848223362624118	5.53686399130453e-16
0.24652607304680857	1.015406202189631e-15
0.26456991246737593	1.7305743564087952e-15
0.28261375188794335	2.9219777188848542e-15
0.3006575913085107	4.111847693874283e-15
0.3187014307290781	6.331179700281821e-15
0.33674527014964545	1.015011594620213e-14
0.35478910957021287	1.4482196872782785e-14
