0.03	3.0233668374078153e-24
0.04804383942056738	1.2391259032896364e-22
0.06608767884113476	1.783045592135946e-21
0.08413151826170213	1.1913223089690176e-20
0.10217535768226953	5.365009424009497e-20
0.1202191971028369	1.8241369135974091e-19
0.13826303652340427	5.701069966473222e-19
0.15630687594397166	1.5419509240089244e-18
0.17435071536453906	3.203808062713487e-18
0.19239455478510642	7.207960595475595e-18
0.2104383942056738	1.3991697292453484e-17
0.22848223362624118	2.6983154218281496e-17
0.24652607304680857	4.891430950328813e-17
0.26456991246737593	8.316737361805417e-17
0.28261375188794335	1.310875606713934e-16
0.3006575913085107	2.0205502018639376e-16
0.3187014307290781	3.1699440334349307e-16
0.33674527014964545	4.2664831500996977e-16
0.35478910957021287	6.047384085835612e-16
