0.03	1.7987390307503994e-24
0.04804383942056738	7.804533338001684e-23
0.06608767884113476	1.0199220098324079e-21
0.08413151826170213	7.141942346716137e-21
0.10217535768226953	3.272919423167259e-20
0.1202191971028369	1.2189496578046093e-19
0.13826303652340427	3.7076255628692637e-19
0.15630687594397166	1.018877756316563e-18
0.17435071536453906	2.6161670677276757e-18
0.19239455478510642	5.5784443097810526e-18
0.2104383942056738	1.2146760746980223e-17
0.22848223362624118	2.6961797863885938e-17
0.24652607304680857	4.3766509316861174e-17
0.26456991246737593	7.939897295230597e-17
0.28261375188794335	1.4038983198130264e-16
0.3006575913085107	2.289829468980599e-16
0.3187014307290781	3.8025749797711353e-16
0.33674527014964545	6.667339571384537e-16
0.35478910957021287	9.79579648131772e-16
