0.03	3.825252836783826e-23
0.04804383942056738	1.749218606375034e-21
0.06608767884113476	2.1631293176861168e-20
0.08413151826170213	1.4605816972686208e-19
0.10217535768226953	7.205348403816952e-19
0.1202191971028369	2.5933720142781064e-18
0.13826303652340427	8.039565465470084e-18
0.15630687594397166	2.1649282765379293e-17
0.17435071536453906	5.422377168553763e-17
0.19239455478510642	1.1193474781910586e-16
0.2104383942056738	2.3473093422827626e-16
0.22848223362624118	4.334854442478162e-16
0.24652607304680857	8.205452364506777e-16
0.26456991246737593	1.3796879132059417e-15
0.28261375188794335	2.4288838342000353e-15
0.3006575913085107	4.098685092565086e-15
0.3187014307290781	6.536815238501365e-15
0.33674527014964545	1.044982855843134e-14
0.35478910957021287	1.5417993736666785e-14
