0.03	3.520190983818475e-23
0.04804383942056738	1.4686864690064145e-21
0.06608767884113476	1.9081586537147265e-20
0.08413151826170213	1.315849146174794e-19
0.10217535768226953	6.100361336153387e-19
0.1202191971028369	2.24611495264758e-18
0.13826303652340427	6.5034769751104914e-18
0.15630687594397166	1.8125750393544666e-17
0.17435071536453906	4.488090095821747e-17
0.19239455478510642	9.614549546858253e-17
0.2104383942056738	1.8753822097765912e-16
0.22848223362624118	3.4050574694647663e-16
0.24652607304680857	6.879934915142734e-16
0.26456991246737593	1.2097530378190649e-15
0.28261375188794335	2.057966887930797e-15
0.3006575913085107	3.422992458552454e-15
0.3187014307290781	5.495108424844129e-15
0.33674527014964545	8.571015966887097e-15
0.35478910957021287	1.264120623734341e-14
