0.06608767884113476	3.232903409322701e-20
0.08413151826170213	2.223372240817807e-19
0.10217535768226953	1.0499798290982283e-18
0.1202191971028369	3.8696693889991176e-18
0.13826303652340427	1.1590827066106548e-17
0.17435071536453906	7.3759027012737e-17
0.19239455478510642	1.6388720498556014e-16
0.2104383942056738	3.351610388465441e-16
0.22848223362624118	6.471251968366169e-16
0.28261375188794335	3.5376912057860662e-15
0.33674527014964545	1.4395946791723402e-14
0.35478910957021287	2.193026080308912e-14
