0.03	4.198885035771115e-23
0.06766662620955581	2.836297404422916e-20
0.10533325241911162	9.929101319567191e-19
0.14299987862866745	1.1363935351903109e-17
0.18066650483822325	7.417294010607818e-17
0.21833313104777907	3.410115207456702e-16
0.25599975725733487	1.2279739038180408e-15
0.29366638346689067	3.665427604930864e-15
0.3313330096764465	9.699051021734312e-15
0.3689996358860023	2.2795130137907768e-14
0.4066662620955581	4.9234502406306746e-14
0.44433288830511397	9.99122198860406e-14
0.48199951451466977	1.8964220455143247e-13
0.5196661407242256	3.391016130175975e-13
0.5573327669337814	5.802430532613442e-13
0.632666019352893	1.4821832260819776e-12
0.7079992717720046	1.08773067562488e-12
