0.03	1.1094730836671514e-24
0.04804383942056738	5.375008169513044e-23
0.06608767884113476	6.072937263064478e-22
0.08413151826170213	4.06718718243492e-21
0.10217535768226953	1.9176305311114256e-20
0.1202191971028369	7.268976450387871e-20
0.13826303652340427	2.0762482365861727e-19
0.15630687594397166	5.512163131887681e-19
0.17435071536453906	1.175335865557962e-18
0.19239455478510642	1.9882774294026153e-18
0.2104383942056738	5.610835179230627e-18
0.22848223362624118	1.0123210192123764e-17
0.24652607304680857	1.8388926380494484e-17
0.26456991246737593	3.205790651430313e-17
0.28261375188794335	5.0587362254830024e-17
0.3006575913085107	8.465476419195096e-17
0.3187014307290781	1.3057191112554821e-16
0.33674527014964545	1.756326537356476e-16
0.35478910957021287	2.7303692053950035e-16
