0.03	9.703753703615054e-24
0.04804383942056738	4.1483058851968555e-22
0.06608767884113476	5.443908433184338e-21
0.08413151826170213	3.6196877325924355e-20
0.10217535768226953	1.7453391513577763e-19
0.1202191971028369	6.278371176622232e-19
0.13826303652340427	1.857270592566151e-18
0.15630687594397166	4.89728733362515e-18
0.17435071536453906	1.1317125522581709e-17
0.19239455478510642	2.4058605733084718e-17
0.2104383942056738	4.836073390150997e-17
0.22848223362624118	9.083652704959847e-17
0.24652607304680857	1.61514326503803e-16
0.26456991246737593	2.741354483847082e-16
0.28261375188794335	4.900482616173329e-16
0.3006575913085107	6.070817240084493e-16
0.3187014307290781	1.172726519147858e-15
0.33674527014964545	1.7041528252845664e-15
0.35478910957021287	3.972452842429329e-15
