0.03	7.543718061447751e-25
0.04804383942056738	2.936931569817971e-23
0.06608767884113476	4.235583284600806e-22
0.08413151826170213	2.6710477559018148e-21
0.10217535768226953	1.1940626355600409e-20
0.1202191971028369	4.431137783268286e-20
0.13826303652340427	1.405243663983938e-19
0.15630687594397166	3.7488002337850514e-19
0.17435071536453906	7.999251505940404e-19
0.19239455478510642	1.7298083653680054e-18
0.2104383942056738	3.658667980319459e-18
0.22848223362624118	6.690353303398556e-18
0.24652607304680857	9.912386519293981e-18
0.26456991246737593	1.793765492534485e-17
0.28261375188794335	2.8289839567276166e-17
0.3006575913085107	4.3435438068067975e-17
0.3187014307290781	5.4852272437167424e-17
0.33674527014964545	7.54828472825511e-17
0.35478910957021287	9.522258105430114e-17
