2.134842842970785306e-13 3.266213576604992707e-19
2.152866696872299198e-13 1.075881210379294451e-16
2.171042720902173564e-13 1.188442576053726052e-15
2.189372199788325721e-13 1.797082620662239350e-14
2.207856429105219631e-13 4.087926307788815487e-14
2.226496715365511591e-13 4.520731291652318236e-14
2.245294376112325753e-13 4.761042712579774010e-14
2.264250740012454322e-13 5.087209483090962466e-14
2.283367146950198172e-13 5.719122231900313348e-14
2.302644948122146025e-13 6.458149532400948651e-14
2.322085506132607688e-13 7.845883574796812535e-14
2.341690195089999980e-13 8.588060188776544075e-14
2.361460400703897325e-13 8.859413916455076552e-14
2.381397520383043363e-13 9.907211112152920322e-14
2.401502963334095638e-13 1.029827689872498938e-13
2.421778150661201803e-13 1.159337985792720254e-13
2.442224515466516910e-13 1.180188351498426269e-13
2.462843502951416914e-13 1.298136793995962465e-13
2.483636570518731007e-13 1.302611936163495444e-13
2.504605187875675219e-13 1.434144974906992345e-13
2.525750837137812926e-13 1.530640549219704628e-13
2.547075012933735301e-13 1.574137325722431765e-13
2.568579222510787863e-13 1.669190027752409504e-13
2.590264985841522019e-13 1.756634308022430726e-13
2.612133835731215414e-13 1.844725863986471320e-13
2.634187317926130406e-13 1.995718133427007130e-13
2.656426991222854987e-13 2.192451389845306752e-13
2.678854427578398983e-13 2.351502823664784222e-13
2.701471212221388356e-13 2.390344883445538367e-13
2.724278943764026402e-13 2.462607663174508344e-13
2.747279234315177277e-13 2.610756096488110445e-13
2.770473709594223995e-13 2.660771561271162084e-13
2.793864009046067938e-13 2.660771561271162084e-13
2.817451785956917991e-13 2.652103114212780409e-13
2.841238707571241879e-13 2.813182373428995490e-13
2.865226455209519248e-13 2.915143584171333114e-13
2.889416724387172104e-13 2.922459977667945590e-13
2.913811224934317175e-13 3.207753526451494830e-13
2.938411681116714827e-13 3.317186426969830241e-13
2.963219831757547980e-13 3.393652621693815925e-13
2.988237430360412214e-13 3.441962350366764685e-13
3.013466245233221207e-13 3.636850869137081545e-13
3.038908059613158762e-13 3.800110053524679274e-13
3.064564671792807702e-13 3.884961710446336233e-13
3.090437895247159753e-13 3.894239509172491196e-13
3.116529558761896191e-13 3.983568880423696166e-13
3.142841506562549999e-13 4.096600552071659957e-13
3.169375598444962503e-13 4.155042306380542826e-13
3.196133709906635658e-13 4.127379304230498950e-13
3.223117732279400530e-13 4.150403841180887143e-13
3.250329572862997570e-13 4.379052561697453931e-13
3.277771155059994301e-13 4.603751655786606589e-13
3.305444418511629939e-13 4.830253664286353114e-13
3.333351319235021151e-13 4.832316354677016372e-13
3.361493829761311922e-13 5.523018597393400840e-13
3.389873939275203230e-13 5.628219901176840890e-13
3.418493653755447534e-13 5.709628291440572720e-13
3.447354996116742762e-13 5.641860474553758299e-13
3.476460006352609286e-13 6.064997919957293244e-13
3.505810741679693657e-13 6.282929416372132242e-13
3.535409276683062396e-13 6.309018366876519093e-13
3.565257703462955871e-13 6.352831780514209235e-13
3.595358131782545857e-13 6.851433322641051054e-13
3.625712689217162776e-13 6.584607896488526161e-13
3.656323521304632137e-13 6.454793803398634697e-13
3.687192791696885274e-13 6.348836201601177575e-13
3.718322682312992807e-13 6.642955580540071707e-13
3.749715393493268934e-13 6.540394106458217183e-13
3.781373144154920631e-13 6.625391643755643290e-13
3.813298171948761118e-13 6.417109713013181906e-13
3.845492733417497515e-13 6.735577316053620343e-13
3.877959104155104470e-13 6.788685102587407652e-13
3.910699578967794703e-13 6.904401268471370258e-13
3.943716472036095206e-13 6.872554883507177603e-13
3.977012117078546616e-13 7.578425203644842634e-13
4.010588867516527427e-13 7.640805751118313861e-13
4.044449096640730658e-13 8.069636229368952291e-13
4.078595197778782528e-13 8.197499908625766423e-13
4.113029584464541349e-13 8.189474279319820577e-13
4.147754690608559132e-13 8.201185611474952985e-13
4.182772970670250169e-13 8.610528460397983800e-13
4.218086899831244533e-13 8.603776729146618087e-13
4.253698974170474316e-13 8.904353032228249170e-13
4.289611710840468002e-13 9.055175548293709816e-13
4.325827648245406853e-13 9.103670945170133465e-13
4.362349346220405607e-13 9.200855817522410500e-13
4.399179386212571320e-13 9.398553223484761040e-13
4.436320371463415279e-13 1.021703208108220262e-12
4.473774927192800213e-13 1.022539381443974913e-12
4.511545700784625783e-13 1.084126469373890402e-12
4.549635361973807045e-13 1.088307024912152585e-12
4.588046603035123456e-13 1.101565299788975677e-12
4.626782138973369445e-13 1.111100277106146776e-12
4.665844707715405313e-13 1.152510918864096629e-12
4.705237070303532408e-13 1.164401022053005441e-12
4.744962011090801456e-13 1.167681478024391809e-12
4.785022337937662835e-13 1.171895024259363806e-12
4.825420882410591909e-13 1.179794362887772475e-12
4.866160499982071449e-13 1.186707116685617151e-12
4.907244070232584454e-13 1.186635283305516138e-12
4.948674497053988300e-13 1.212828587759389568e-12
4.990454708854932604e-13 1.288527961281114631e-12
5.032587658767681639e-13 1.285419127856827269e-12
5.075076324857015812e-13 1.369915412051110589e-12
5.117923710330561919e-13 1.391731310709827793e-12
5.161132843751234780e-13 1.393585968643608960e-12
5.204706779251134916e-13 1.387364182148939791e-12
5.248648596747592935e-13 1.421002698801919403e-12
5.292961402160695216e-13 1.456730407801385141e-12
5.337648327632967410e-13 1.474935642573025672e-12
5.382712531750700785e-13 1.645568681016361130e-12
5.428157199767160739e-13 1.646272004147920361e-12
5.473985543827775410e-13 1.646573520361103205e-12
5.520200803197222606e-13 1.647705228809558626e-12
5.566806244488344361e-13 1.702483401225991301e-12
5.613805161892971934e-13 1.738862577518212633e-12
5.661200877414926788e-13 1.746121228468753157e-12
5.708996741104643228e-13 1.798448359186594507e-12
5.757196131296147766e-13 1.849221252530425854e-12
5.805802454845657108e-13 1.913963314450830702e-12
5.854819147372574280e-13 1.951919524776484081e-12
5.904249673502137695e-13 1.964223136636002256e-12
5.954097527110497644e-13 1.989624189170892874e-12
6.004366231571485115e-13 2.053903934957376664e-12
6.055059340005842360e-13 2.041354728960881543e-12
6.106180435532171037e-13 2.021923601081364157e-12
6.157733131520397634e-13 1.994878256197670407e-12
6.209721071846972625e-13 2.095489028363092039e-12
6.262147931152632346e-13 2.196608816064028019e-12
6.315017415101924895e-13 2.106268460725138585e-12
6.368333260645348230e-13 2.236422871195307567e-12
6.422099236283274504e-13 2.242446842367788060e-12
6.476319142332526990e-13 2.099771595544633325e-12
6.530996811194786660e-13 2.106268460725138585e-12
6.586136107627689726e-13 2.296213655434857387e-12
6.641740929017783104e-13 2.345600956594059847e-12
6.697815205656188010e-13 2.530537138819583907e-12
6.754362901016327462e-13 2.540424401847452069e-12
6.811388012033987307e-13 2.665809599613934552e-12
6.868894569390023768e-13 2.686820864043545427e-12
6.926886637795043026e-13 2.910206794159748787e-12
6.985368316276926252e-13 2.902249403323159877e-12
7.044343738470334747e-13 2.902249065741794675e-12
7.103817072909113032e-13 3.123728955072321053e-12
7.163792523320703355e-13 3.142711575290076797e-12
7.224274328923503585e-13 3.142228594542106445e-12
7.285266764726279944e-13 3.120842815783209771e-12
7.346774141830561493e-13 3.180164531286054697e-12
7.408800807735130852e-13 3.163072714836172642e-12
7.471351146643550202e-13 3.379575640770758910e-12
7.534429579773810770e-13 3.457319814948418613e-12
7.598040565671074150e-13 3.428482221199208099e-12
7.662188600522573461e-13 3.447221778927836990e-12
7.726878218475661865e-13 3.604525214647064666e-12
7.792113991958044154e-13 3.811820309847324255e-12
7.857900532001224363e-13 3.924864436190559394e-12
7.924242488566168753e-13 4.131927241058813890e-12
7.991144550872232287e-13 4.329402092216757229e-12
8.058611447728348941e-13 4.364417191783113028e-12
8.126647947867502672e-13 4.436347716010623249e-12
8.195258860283694462e-13 4.383422647574602472e-12
8.264449034571755832e-13 4.800064408855141084e-12
8.334223361270364239e-13 4.623464711180015698e-12
8.404586772207448544e-13 4.667765749814839560e-12
8.475544240849057880e-13 4.721034634814359404e-12
8.547100782650621602e-13 4.639121711883602119e-12
8.619261455411730201e-13 4.556881733652293508e-12
8.692031359633359796e-13 4.730976814552028991e-12
8.765415638878665048e-13 4.786933032008214039e-12
8.839419480136257059e-13 5.200431428502855338e-12
8.914048114187120374e-13 5.263413307911268442e-12
8.989306815974049289e-13 5.324481115482419674e-12
9.065200904974780829e-13 5.348186746748114507e-12
9.141735745577701554e-13 5.517412464581092941e-12
9.218916747461312627e-13 5.422460160640166376e-12
9.296749365976293954e-13 5.440424705109006578e-12
9.375239102531408379e-13 5.476519498307623088e-12
9.454391504982054428e-13 5.689146306573777329e-12
9.534212168022702520e-13 5.656816517473901777e-12
9.614706733582039307e-13 5.499200250749513661e-12
9.695880891222062126e-13 5.853167498230546730e-12
9.777740378539917928e-13 6.267136530280101760e-12
9.860290981573726649e-13 6.413183411202054153e-12
9.943538535211441884e-13 6.420876012839075511e-12
1.002748892360314065e-12 6.884351986200652112e-12
1.011214808057722891e-12 6.992950698284367235e-12
1.019752199005952288e-12 7.002111003990159847e-12
1.028361668649653890e-12 7.148585059025259325e-12
1.037043825528169946e-12 7.307196631956475734e-12
1.045799283318578617e-12 7.276608324135354601e-12
1.054628660879037561e-12 7.098546538247348697e-12
1.063532582292560277e-12 6.955349571315605075e-12
1.072511676911092762e-12 6.964778545384430840e-12
1.081566579400033431e-12 6.976110188463034078e-12
1.090697929783057186e-12 7.382407978098164076e-12
1.099906373487389616e-12 8.201748406324009999e-12
1.109192561389391794e-12 8.214605541479064813e-12
1.118557149860601288e-12 7.876489565233105157e-12
1.128000800814090820e-12 7.336264661916807728e-12
1.137524181751290004e-12 6.949158054055229055e-12
1.147127965809128786e-12 6.891439546026446187e-12
1.156812831807655052e-12 7.282266197553644899e-12
1.166579464297975972e-12 6.967377497998936517e-12
1.176428553610683196e-12 6.891678459136215811e-12
1.186360795904608454e-12 6.804331111571911212e-12
1.196376893216063014e-12 6.862835034371551053e-12
1.206477553508446304e-12 6.813299146369418638e-12
1.216663490722275191e-12 6.739129295093169233e-12
1.226935424825657554e-12 6.732415941905659849e-12
1.237294081865191958e-12 6.769422323384995060e-12
1.247740194017275671e-12 6.793077678564148635e-12
1.258274499639842029e-12 7.235698909205682664e-12
1.268897743324585500e-12 7.379842540842962837e-12
1.279610675949549244e-12 7.732175809202889464e-12
1.290414054732240979e-12 7.743107331961393892e-12
1.301308643283114160e-12 7.775994715657502447e-12
1.312295211659582110e-12 7.713990889060064693e-12
1.323374536420407565e-12 7.829165934180709114e-12
1.334547400680632437e-12 8.003574867546263769e-12
1.345814594166888653e-12 8.356162995814893347e-12
1.357176913273261113e-12 8.542616997028945449e-12
1.368635161117534766e-12 9.357791263302495830e-12
1.380190147598005517e-12 9.390451575023625476e-12
1.391842689450681707e-12 9.326821785580135869e-12
1.403593610307057101e-12 9.328271230600613437e-12
1.415443740752282935e-12 9.063519712384687036e-12
1.427393918383920759e-12 9.090513045739365482e-12
1.439444987871100188e-12 9.062915481180214649e-12
1.451597801014263115e-12 9.070287275990275102e-12
1.463853216805353217e-12 9.256995335272829096e-12
1.476212101488520628e-12 9.382275826027873993e-12
1.488675328621360574e-12 9.866358615732127448e-12
1.501243779136672820e-12 1.005092879796578029e-11
1.513918341404714286e-12 1.011079322111648499e-11
1.526699911295974497e-12 1.035011326660121366e-11
1.539589392244539726e-12 1.032531556323718729e-11
1.552587695311901610e-12 1.037497052515155466e-11
1.565695739251402523e-12 1.038247547021348770e-11
1.578914450573125020e-12 1.038311618360359007e-11
1.592244763609431573e-12 1.050885947936009104e-11
1.605687620580953215e-12 1.191157123233572262e-11
1.619243971663240598e-12 1.241210014865212018e-11
1.632914775053872446e-12 1.297239168981393718e-11
1.646700997040235902e-12 1.265892555819959091e-11
1.660603612067773369e-12 1.323305873457093027e-11
1.674623602808911536e-12 1.366049977480092379e-11
1.688761960232467000e-12 1.368189926243790215e-11
1.703019683673742759e-12 1.487396083878593167e-11
1.717397780905110178e-12 1.517053800655156263e-11
1.731897268207296373e-12 1.522948360265422014e-11
1.746519170441160906e-12 1.534710158534457736e-11
1.761264521120192435e-12 1.527838115111513845e-11
1.776134362483502957e-12 1.519542952223468405e-11
1.791129745569554117e-12 1.525986336587832426e-11
1.806251730290387986e-12 1.541386325102762063e-11
1.821501385506596361e-12 1.523905394867869089e-11
1.836879789102849060e-12 1.533332749736735737e-11
1.852388028064065626e-12 1.521412010250645607e-11
1.868027198552260724e-12 1.554903060526620011e-11
1.883798405984041036e-12 1.609859788325705629e-11
1.899702765108721718e-12 1.657629120657942421e-11
1.915741400087096781e-12 1.711720417356999919e-11
1.931915444570953036e-12 1.738959073884780119e-11
1.948226041783136167e-12 1.769053977631523468e-11
1.964674344598419355e-12 1.764146560939573398e-11
1.981261515624929265e-12 1.776440710554664645e-11
1.997988727286385094e-12 1.994954741418501666e-11
2.014857161904903061e-12 2.050135675096144877e-11
2.031868011784633333e-12 1.970606313300509564e-11
2.049022479295968471e-12 2.061666747822457479e-11
2.066321776960594392e-12 2.057466145473939345e-11
2.083767127537131436e-12 2.049090599253896466e-11
2.101359764107626034e-12 2.080159710862102789e-11
2.119100930164642162e-12 2.148613221008374032e-11
2.136991879699222387e-12 2.233802637849978766e-11
2.155033877289453548e-12 2.217068638190510568e-11
2.173228198189921814e-12 2.674409905236832045e-11
2.191576128421778433e-12 2.739490796102573885e-11
2.210078964863702544e-12 2.735447075871952601e-11
2.228738015343540506e-12 2.790509797855429044e-11
2.247554598730728792e-12 2.790046992396711084e-11
2.266530045029532753e-12 2.786809502646251462e-11
2.285665695473073794e-12 2.830468999396203211e-11
2.304962902618111824e-12 2.939694405622225458e-11
2.324423030440619763e-12 2.933278029532440957e-11
2.344047454432259536e-12 2.987243240421036017e-11
2.363837561697527732e-12 2.987243240421036017e-11
2.383794751051877884e-12 2.946124817163715705e-11
2.403920433120514431e-12 2.946124817163715705e-11
2.424216030438176629e-12 2.978807954620857826e-11
2.444682977549609493e-12 2.997875805900001735e-11
2.465322721111040035e-12 2.996185252970582551e-11
2.486136719992349823e-12 2.999567312698745869e-11
2.507126445380273839e-12 3.137805918187553900e-11
2.528293380882304139e-12 3.000050775631324648e-11
2.549639022631639605e-12 2.998842264378723734e-11
2.571164879392852209e-12 2.999567312698745869e-11
2.592872472668613913e-12 3.095977771482990714e-11
2.614763336807156635e-12 3.089060825330161062e-11
2.636839019110808206e-12 3.181969472943426040e-11
2.659101079945274718e-12 3.150990233621469239e-11
2.681551092850006536e-12 3.089060825330161062e-11
2.704190644649386634e-12 3.190876496145513546e-11
2.727021335564871734e-12 3.034278696863871540e-11
2.750044779328118948e-12 3.266782747572202761e-11
2.773262603295072885e-12 3.373450800335686116e-11
2.796676448560968393e-12 3.251128479194199212e-11
2.820287970076293771e-12 3.247868023236784355e-11
2.844098836763846114e-12 3.445758514257727541e-11
2.868110731636602935e-12 3.590906199574251756e-11
2.892325351916775992e-12 3.671971894843061661e-11
2.916744409155679776e-12 3.644010438829476214e-11
2.941369629354803611e-12 3.540186293686603881e-11
2.966202753087715780e-12 3.537543837124061198e-11
2.991245535623185403e-12 3.393025992544910739e-11
3.016499747049154917e-12 3.407262738182425993e-11
3.041967172397949698e-12 3.681339978171910623e-11
3.067649611772352821e-12 3.690731961734155283e-11
3.093548880472937567e-12 3.561397128733812857e-11
3.119666809126279604e-12 3.545450723826555785e-11
3.146005243814450337e-12 3.542644073384670338e-11
3.172566046205400042e-12 3.086574745141897499e-11
3.199351093684650429e-12 2.152175757374479016e-11
3.226362279487886283e-12 1.620083998504756645e-11
3.253601512834869061e-12 1.399396201721871060e-11
3.281070719064342450e-12 1.353711789878393421e-11
3.308771839770097526e-12 1.291361809990506989e-11
3.336706832938232630e-12 1.240375187699075131e-11
3.364877673085577277e-12 1.240375187699075131e-11
3.393286351399229610e-12 1.203715414031613178e-11
3.421934875877257480e-12 1.049794471898949514e-11
3.450825271470724307e-12 1.057838686433304953e-11
3.479959580226706504e-12 1.038318915740189305e-11
3.509339861432744745e-12 9.151002678913126535e-12
3.538968191762284768e-12 9.424382490983506459e-12
3.568846665421575445e-12 8.938447508552654054e-12
3.598977394297580629e-12 8.996582878854516721e-12
3.629362508107364827e-12 8.946936926968407620e-12
3.660004154548513644e-12 8.389361350339141710e-12
3.690904499451053509e-12 8.096630041790613328e-12
3.722065726930421918e-12 7.865796439961217580e-12
3.753490039541963616e-12 7.906121703947252985e-12
3.785179658436493456e-12 7.680314518394265889e-12
3.817136823517414678e-12 7.063347100610710647e-12
3.849363793598919618e-12 6.690832946417309679e-12
3.881862846565767240e-12 6.992436153734183121e-12
3.914636279534172998e-12 7.504392606086180863e-12
3.947686409014291659e-12 6.992436153734183121e-12
3.981015571073835897e-12 6.772132474296938038e-12
4.014626121503316926e-12 7.273381127436864084e-12
4.048520435982433011e-12 7.254008480759543529e-12
4.082700910248099417e-12 6.535367170229881482e-12
4.117169960263739321e-12 7.177032511878524424e-12
4.151930022390012598e-12 6.886385339305529530e-12
4.186983553557063261e-12 7.063097404589658256e-12
4.222333031438208809e-12 7.547811047405222191e-12
4.257980954625039981e-12 7.727670473830097417e-12
4.293929842803972932e-12 7.727670473830097417e-12
4.330182236934471107e-12 6.630135967273124910e-12
4.366740699428503046e-12 6.955345174884781057e-12
4.403607814331803991e-12 7.552253085609959772e-12
4.440786187506380684e-12 7.740385794578414613e-12
4.478278446814843401e-12 7.854480927770552604e-12
4.516087242306003790e-12 7.732754093673876648e-12
4.554215246402335486e-12 7.792818364414287559e-12
4.592665154088719119e-12 7.802273308295103216e-12
4.631439683103078363e-12 7.874365900893944100e-12
4.670541574128331075e-12 7.877215192280926106e-12
4.709973590986251671e-12 7.873755472553101175e-12
4.749738520832680908e-12 8.045329797811599477e-12
4.789839174354675170e-12 8.063668692680395655e-12
4.830278385969024164e-12 8.043230491573133997e-12
4.871059014022748512e-12 8.067865160688625584e-12
4.912183940994975441e-12 8.211164786989688388e-12
4.953656073700822652e-12 8.273942521937683291e-12
4.995478343496798408e-12 8.319181374709546601e-12
5.037653706487953736e-12 8.341893472725799886e-12
5.080185143736872354e-12 8.788458445094653985e-12
5.123075661474417550e-12 8.419016423389296950e-12
5.166328291312181892e-12 9.474407580531183514e-12
5.209946090456705999e-12 1.070716736331160029e-11
5.253932141925713577e-12 1.112858997966677765e-11
5.298289554765861863e-12 1.147196732953178745e-11
5.343021464272665847e-12 1.121631504410654491e-11
5.388131032211936304e-12 1.109787752989276782e-11
5.433621447043436825e-12 1.109817120866497545e-11
5.479495924146075662e-12 1.163275312874505525e-11
5.525757706045354550e-12 1.159105749766546554e-11
5.572410062642378178e-12 1.157077600120356618e-11
5.619456291445163459e-12 1.145013630550659405e-11
5.666899717801530451e-12 1.192009943271874636e-11
5.714743695134331036e-12 1.140684649908601511e-11
5.762991605178292381e-12 1.030390800967458966e-11
5.811646858219232880e-12 9.420716965193706933e-12
5.860712893334923585e-12 5.026104208406472746e-12
5.910193178638356850e-12 2.982451328985007666e-12
5.960091211522695189e-12 2.136865106162584785e-12
6.010410518908639479e-12 1.697359058033815405e-13
6.061154657493651853e-12 1.063471014724556314e-13
6.112327214003302287e-12 3.648177122127431264e-14
6.163931805444836611e-12 1.492971966730269288e-14
6.215972079362881952e-12 3.208717936322704557e-15
6.268451714097221737e-12 2.038935954530047696e-16
6.321374419042708926e-12 5.507253175961480753e-19
