2.724278943764026402e-13 6.362995376561908008e-19
2.747279234315177277e-13 1.151292242958702903e-15
2.770473709594223995e-13 1.795757572989332253e-15
2.793864009046067938e-13 2.302197483492969866e-15
2.817451785956917991e-13 3.058750244351653967e-15
2.841238707571241879e-13 3.398254651105002336e-15
2.865226455209519248e-13 3.833801325123991436e-15
2.889416724387172104e-13 4.249759234192611113e-15
2.913811224934317175e-13 4.521885113524800814e-15
2.938411681116714827e-13 4.748646368454755815e-15
2.963219831757547980e-13 5.255074843478576363e-15
2.988237430360412214e-13 5.407237169227405799e-15
3.013466245233221207e-13 5.763006744313111531e-15
3.038908059613158762e-13 6.223729161137551640e-15
3.064564671792807702e-13 6.510435985961946526e-15
3.090437895247159753e-13 6.552318270504310354e-15
3.116529558761896191e-13 6.809583102858575481e-15
3.142841506562549999e-13 7.346104100466823475e-15
3.169375598444962503e-13 7.309978142620496581e-15
3.196133709906635658e-13 7.458181811785543768e-15
3.223117732279400530e-13 8.018749717084816235e-15
3.250329572862997570e-13 8.343635939630514089e-15
3.277771155059994301e-13 8.504792865092655827e-15
3.305444418511629939e-13 8.589854814088489823e-15
3.333351319235021151e-13 8.624867096466346282e-15
3.361493829761311922e-13 8.661095303334471977e-15
3.389873939275203230e-13 8.647390532575605008e-15
3.418493653755447534e-13 9.131350158221227063e-15
3.447354996116742762e-13 9.317385763423153528e-15
3.476460006352609286e-13 9.432454764518190181e-15
3.505810741679693657e-13 9.420102721338382669e-15
3.535409276683062396e-13 9.664205731114414421e-15
3.565257703462955871e-13 1.009651593344740121e-14
3.595358131782545857e-13 1.047090022185574377e-14
3.625712689217162776e-13 1.077708257069829722e-14
3.656323521304632137e-13 1.083601934249849114e-14
3.687192791696885274e-13 1.142263351898561732e-14
3.718322682312992807e-13 1.179580119062267896e-14
3.749715393493268934e-13 1.235158743819575094e-14
3.781373144154920631e-13 1.256969535611727234e-14
3.813298171948761118e-13 1.261921777984670814e-14
3.845492733417497515e-13 1.297241253893233202e-14
3.877959104155104470e-13 1.315128738287841110e-14
3.910699578967794703e-13 1.350204137551437058e-14
3.943716472036095206e-13 1.374793536890498765e-14
3.977012117078546616e-13 1.441454387361332632e-14
4.010588867516527427e-13 1.493105258448372352e-14
4.044449096640730658e-13 1.514246805888989251e-14
4.078595197778782528e-13 1.639767626882928163e-14
4.113029584464541349e-13 1.666448395825873060e-14
4.147754690608559132e-13 1.706551860549212133e-14
4.182772970670250169e-13 1.708090497935397915e-14
4.218086899831244533e-13 1.723568259105707715e-14
4.253698974170474316e-13 1.762895621298785160e-14
4.289611710840468002e-13 1.759986048065975780e-14
4.325827648245406853e-13 1.844930036099628022e-14
4.362349346220405607e-13 1.793250318330745359e-14
4.399179386212571320e-13 1.878794839384125072e-14
4.436320371463415279e-13 1.942611742178964838e-14
4.473774927192800213e-13 2.066152363714085634e-14
4.511545700784625783e-13 2.216087780834293623e-14
4.549635361973807045e-13 2.218954511428116344e-14
4.588046603035123456e-13 2.221696214660591178e-14
4.626782138973369445e-13 2.238648735391630895e-14
4.665844707715405313e-13 2.258377247812145644e-14
4.705237070303532408e-13 2.296916154935158790e-14
4.744962011090801456e-13 2.341175182218739919e-14
4.785022337937662835e-13 2.342441574897542557e-14
4.825420882410591909e-13 2.391087723590401866e-14
4.866160499982071449e-13 2.474501157866468317e-14
4.907244070232584454e-13 2.549875519800270071e-14
4.948674497053988300e-13 2.656567483373838811e-14
4.990454708854932604e-13 2.753444717152109706e-14
5.032587658767681639e-13 2.741120748727725488e-14
5.075076324857015812e-13 2.752300693241482203e-14
5.117923710330561919e-13 2.751654091059839386e-14
5.161132843751234780e-13 2.742144973053931339e-14
5.204706779251134916e-13 2.745703432840018021e-14
5.248648596747592935e-13 2.926636827910850694e-14
5.292961402160695216e-13 3.046356780936314640e-14
5.337648327632967410e-13 3.120256048555456077e-14
5.382712531750700785e-13 3.213935778367737420e-14
5.428157199767160739e-13 3.219469849270956463e-14
5.473985543827775410e-13 3.240899936281612731e-14
5.520200803197222606e-13 3.352387811779269884e-14
5.566806244488344361e-13 3.387322831918284532e-14
5.613805161892971934e-13 3.390579205753154171e-14
5.661200877414926788e-13 3.506222678135538686e-14
5.708996741104643228e-13 3.503394775631959080e-14
5.757196131296147766e-13 3.559034637812324354e-14
5.805802454845657108e-13 3.524571288065728210e-14
5.854819147372574280e-13 3.570947305598916321e-14
5.904249673502137695e-13 3.593228699647080327e-14
5.954097527110497644e-13 3.518885549989072113e-14
6.004366231571485115e-13 3.553587864768018860e-14
6.055059340005842360e-13 3.462609450926118851e-14
6.106180435532171037e-13 3.516536656686472868e-14
6.157733131520397634e-13 3.772073896316302483e-14
6.209721071846972625e-13 3.708308993502457900e-14
6.262147931152632346e-13 3.942614645219289463e-14
6.315017415101924895e-13 4.114784919585712578e-14
6.368333260645348230e-13 4.116770951607400832e-14
6.422099236283274504e-13 4.128160693527882490e-14
6.476319142332526990e-13 4.123941287603749604e-14
6.530996811194786660e-13 4.142987219426909360e-14
6.586136107627689726e-13 4.188184003090823032e-14
6.641740929017783104e-13 4.429208209406260417e-14
6.697815205656188010e-13 4.442353584286426165e-14
6.754362901016327462e-13 4.536796309150052620e-14
6.811388012033987307e-13 4.621636948952853227e-14
6.868894569390023768e-13 4.903748052350669906e-14
6.926886637795043026e-13 4.920361995476043577e-14
6.985368316276926252e-13 4.826160002543684822e-14
7.044343738470334747e-13 4.949632327794668007e-14
7.103817072909113032e-13 4.949960808254218794e-14
7.163792523320703355e-13 5.134919752607791089e-14
7.224274328923503585e-13 5.184514458251107812e-14
7.285266764726279944e-13 5.222586650596816011e-14
7.346774141830561493e-13 5.258036748892124549e-14
7.408800807735130852e-13 5.474724406255435784e-14
7.471351146643550202e-13 5.443129899797515278e-14
7.534429579773810770e-13 5.471650507040790956e-14
7.598040565671074150e-13 5.581941480403114894e-14
7.662188600522573461e-13 5.681521641967765657e-14
7.726878218475661865e-13 5.675582806961755181e-14
7.792113991958044154e-13 5.699909253530352545e-14
7.857900532001224363e-13 5.732865715340795239e-14
7.924242488566168753e-13 5.675978536092065444e-14
7.991144550872232287e-13 5.649889397659798942e-14
8.058611447728348941e-13 5.688547627674376977e-14
8.126647947867502672e-13 5.733596299320692270e-14
8.195258860283694462e-13 5.761387490422570684e-14
8.264449034571755832e-13 5.845857685527240550e-14
8.334223361270364239e-13 5.846412938196707416e-14
8.404586772207448544e-13 6.087368250731629983e-14
8.475544240849057880e-13 6.285720648506802851e-14
8.547100782650621602e-13 6.565590463671297452e-14
8.619261455411730201e-13 6.866280754827550788e-14
8.692031359633359796e-13 6.752979048253374892e-14
8.765415638878665048e-13 7.097684488102200178e-14
8.839419480136257059e-13 6.751562558015164524e-14
8.914048114187120374e-13 6.893181687409474242e-14
8.989306815974049289e-13 6.919773255298012474e-14
9.065200904974780829e-13 7.087712722561654424e-14
9.141735745577701554e-13 7.220231802665906534e-14
9.218916747461312627e-13 7.205944069665852482e-14
9.296749365976293954e-13 7.220430035923832619e-14
9.375239102531408379e-13 7.256123850385405566e-14
9.454391504982054428e-13 7.429655596033829314e-14
9.534212168022702520e-13 7.492915255038046948e-14
9.614706733582039307e-13 7.491945675598603687e-14
9.695880891222062126e-13 7.229336759805985654e-14
9.777740378539917928e-13 7.389669238726843668e-14
9.860290981573726649e-13 7.395982303579951278e-14
9.943538535211441884e-13 7.677282740366961649e-14
1.002748892360314065e-12 7.646221048184408185e-14
1.011214808057722891e-12 7.680484349106812598e-14
1.019752199005952288e-12 7.781289003881435048e-14
1.028361668649653890e-12 7.841457618774319060e-14
1.037043825528169946e-12 8.136975998685808564e-14
1.045799283318578617e-12 8.273747072053928786e-14
1.054628660879037561e-12 8.287600455163260530e-14
1.063532582292560277e-12 8.295542934622668739e-14
1.072511676911092762e-12 8.308691863591471206e-14
1.081566579400033431e-12 8.282158176711546223e-14
1.090697929783057186e-12 8.390830389364059310e-14
1.099906373487389616e-12 8.717928745821266791e-14
1.109192561389391794e-12 9.063716816227806413e-14
1.118557149860601288e-12 9.078359549356225630e-14
1.128000800814090820e-12 9.189757929368530925e-14
1.137524181751290004e-12 9.317561733312576243e-14
1.147127965809128786e-12 9.418043572485958475e-14
1.156812831807655052e-12 9.609372486193988997e-14
1.166579464297975972e-12 9.688444329324780937e-14
1.176428553610683196e-12 9.877725402340654943e-14
1.186360795904608454e-12 1.011503199889190499e-13
1.196376893216063014e-12 1.001229159781363089e-13
1.206477553508446304e-12 9.966030235354845952e-14
1.216663490722275191e-12 9.898228472462357403e-14
1.226935424825657554e-12 9.966030235354845952e-14
1.237294081865191958e-12 1.009696089129341528e-13
1.247740194017275671e-12 1.018845162800326193e-13
1.258274499639842029e-12 1.030523687250320645e-13
1.268897743324585500e-12 1.038210059489829910e-13
1.279610675949549244e-12 1.050201841350845747e-13
1.290414054732240979e-12 1.048234741441838258e-13
1.301308643283114160e-12 1.061885728752496355e-13
1.312295211659582110e-12 1.041600961482470987e-13
1.323374536420407565e-12 1.037288414448123265e-13
1.334547400680632437e-12 1.036408856041339141e-13
1.345814594166888653e-12 1.045666813128591939e-13
1.357176913273261113e-12 1.033455541361250064e-13
1.368635161117534766e-12 1.028712008858818032e-13
1.380190147598005517e-12 1.030726317997379427e-13
1.391842689450681707e-12 1.064721852402724953e-13
1.403593610307057101e-12 1.072589418946368375e-13
1.415443740752282935e-12 1.072306307985273429e-13
1.427393918383920759e-12 1.073439200391367664e-13
1.439444987871100188e-12 1.111372290775882761e-13
1.451597801014263115e-12 1.137943389680250269e-13
1.463853216805353217e-12 1.074481867823861091e-13
1.476212101488520628e-12 1.056342183637023116e-13
1.488675328621360574e-12 1.043804342145360149e-13
1.501243779136672820e-12 1.052434064363401274e-13
1.513918341404714286e-12 1.055648686357040412e-13
1.526699911295974497e-12 1.041498387316131374e-13
1.539589392244539726e-12 1.007328928359904978e-13
1.552587695311901610e-12 9.966026918053376886e-14
1.565695739251402523e-12 9.907443778595993278e-14
1.578914450573125020e-12 9.508298978739839049e-14
1.592244763609431573e-12 8.558208045640622187e-14
1.605687620580953215e-12 6.686516901031767152e-14
1.619243971663240598e-12 4.289164892987049952e-14
1.632914775053872446e-12 3.112888395969106428e-14
1.646700997040235902e-12 2.094590383777752395e-14
1.660603612067773369e-12 1.561777290654699729e-14
1.674623602808911536e-12 1.243045795371809079e-14
1.688761960232467000e-12 8.676661130450814146e-15
1.703019683673742759e-12 6.820929744082643346e-15
1.717397780905110178e-12 5.824582388070652945e-15
1.731897268207296373e-12 4.433498379329089828e-15
1.746519170441160906e-12 3.612771899122225187e-15
1.761264521120192435e-12 3.201099764383177759e-15
1.776134362483502957e-12 2.865067356775141661e-15
1.791129745569554117e-12 2.344819380069717773e-15
1.806251730290387986e-12 1.996837239341211634e-15
1.821501385506596361e-12 1.784143936406575990e-15
1.836879789102849060e-12 1.719292760521168919e-15
1.852388028064065626e-12 1.680161324502021722e-15
1.868027198552260724e-12 1.706841004809379808e-15
1.883798405984041036e-12 1.380831914286002632e-15
1.899702765108721718e-12 1.291845239380680634e-15
1.915741400087096781e-12 1.283162704560178328e-15
1.931915444570953036e-12 1.279830698033658885e-15
1.948226041783136167e-12 1.232073528749400147e-15
1.964674344598419355e-12 1.117547591095923066e-15
1.981261515624929265e-12 1.101268568693402885e-15
1.997988727286385094e-12 1.099555518952137602e-15
2.014857161904903061e-12 1.100155330228970789e-15
2.031868011784633333e-12 1.072955104555164372e-15
2.049022479295968471e-12 1.066852402706785620e-15
2.066321776960594392e-12 1.101181215899021836e-15
2.083767127537131436e-12 1.103686404135975096e-15
2.101359764107626034e-12 1.140066108175487705e-15
2.119100930164642162e-12 1.194559036323971492e-15
2.136991879699222387e-12 1.160002521057353122e-15
2.155033877289453548e-12 1.181155743035052428e-15
2.173228198189921814e-12 1.233694494570144284e-15
2.191576128421778433e-12 1.269155768033706676e-15
2.210078964863702544e-12 1.247159570544587773e-15
2.228738015343540506e-12 1.231980937825146754e-15
2.247554598730728792e-12 1.261828911821131582e-15
2.266530045029532753e-12 1.313784760073636569e-15
2.285665695473073794e-12 1.334940005969277490e-15
2.304962902618111824e-12 1.337831331534557161e-15
2.324423030440619763e-12 1.383200731345252331e-15
2.344047454432259536e-12 1.402146525725213586e-15
2.363837561697527732e-12 1.463243734887348105e-15
2.383794751051877884e-12 1.465306693028435778e-15
2.403920433120514431e-12 1.476031613641236346e-15
2.424216030438176629e-12 1.480218842162749570e-15
2.444682977549609493e-12 1.479620053049596790e-15
2.465322721111040035e-12 1.493427240886344979e-15
2.486136719992349823e-12 1.548834804166223413e-15
2.507126445380273839e-12 1.642691166671146078e-15
2.528293380882304139e-12 1.698219838928659090e-15
2.549639022631639605e-12 1.812606084638144374e-15
2.571164879392852209e-12 1.973414835828939941e-15
2.592872472668613913e-12 2.076411493937238185e-15
2.614763336807156635e-12 2.449934827489332108e-15
2.636839019110808206e-12 2.449729721727000052e-15
2.659101079945274718e-12 2.743293849025380248e-15
2.681551092850006536e-12 3.067221336217787780e-15
2.704190644649386634e-12 3.382968491581883546e-15
2.727021335564871734e-12 3.473188694625319645e-15
2.750044779328118948e-12 4.421088129724307078e-15
2.773262603295072885e-12 4.408366127922495550e-15
2.796676448560968393e-12 4.816282219676555820e-15
2.820287970076293771e-12 4.880995273767034363e-15
2.844098836763846114e-12 5.070076001431818506e-15
2.868110731636602935e-12 4.969603847170550220e-15
2.892325351916775992e-12 5.587652191458634173e-15
2.916744409155679776e-12 5.617026576154708866e-15
2.941369629354803611e-12 6.449293698602317199e-15
2.966202753087715780e-12 6.004731377468086831e-15
2.991245535623185403e-12 5.863648217118793678e-15
3.016499747049154917e-12 5.589042278877552084e-15
3.041967172397949698e-12 5.584873053748151711e-15
3.067649611772352821e-12 5.161749696315847566e-15
3.093548880472937567e-12 3.662677525294720249e-15
3.119666809126279604e-12 3.869981269321940518e-15
3.146005243814450337e-12 2.894310435911748286e-15
3.172566046205400042e-12 1.717127703377667097e-15
3.199351093684650429e-12 1.414261292572621345e-15
3.226362279487886283e-12 6.527017462754929443e-19
