1.300000000000000519e-13 3.758713275532881482e-19
1.310975519883867338e-13 3.614105303844693837e-19
1.322043702872909646e-13 3.873660243577695299e-19
1.333205331294619499e-13 3.869970509336341926e-19
1.344461194081472124e-13 3.778561735277482624e-19
1.355812086826648020e-13 3.917624852037557748e-19
1.367258811840309672e-13 4.153012177276747848e-19
1.378802178206267503e-13 4.238337092177009003e-19
1.390443001839213065e-13 4.238337092177009003e-19
1.402182105542343748e-13 4.490631421822973174e-19
1.414020319065566576e-13 4.582130314190330354e-19
1.425958479164101867e-13 4.938985458538765065e-19
1.437997429657672538e-13 5.448177269286130302e-19
1.450138021490101095e-13 5.691403576456003572e-19
1.462381112789503885e-13 5.719999050748384901e-19
1.474727568928898333e-13 5.800085219572172076e-19
1.487178262587416529e-13 5.797982316455221611e-19
1.499734073811941642e-13 5.573370570958917317e-19
1.512395890079359779e-13 5.584807944944627319e-19
1.525164606359240215e-13 5.519884225795289344e-19
1.538041125177143193e-13 5.537873328505940625e-19
1.551026356678363662e-13 5.625233706165464124e-19
1.564121218692312432e-13 5.795066187657043143e-19
1.577326636797339587e-13 5.596268790099582907e-19
1.590643544386209178e-13 5.806704526926043871e-19
1.604072882732020989e-13 5.934270654421104191e-19
1.617615601054787873e-13 6.014400805973541523e-19
1.631272656588509876e-13 5.951128150980075809e-19
1.645045014648814082e-13 6.123441740500472397e-19
1.658933648701231843e-13 6.470629820841811044e-19
1.672939540429951857e-13 6.513489558303026215e-19
1.687063679807263410e-13 6.293377274670280024e-19
1.701307065163474436e-13 6.188604668771530443e-19
1.715670703257531359e-13 6.372931644426551214e-19
1.730155609348124113e-13 6.523521831024160462e-19
1.744762807265503782e-13 6.458455359819775473e-19
1.759493329483791236e-13 6.438872574846786245e-19
1.774348217194014288e-13 6.646698762737359048e-19
1.789328520377642406e-13 7.178340256417558879e-19
1.804435297880861313e-13 7.230639537505631617e-19
1.819669617489355484e-13 7.332347433389182774e-19
1.835032556003842145e-13 7.247979224874366854e-19
1.850525199316121510e-13 7.535954705689160582e-19
1.866148642485891122e-13 7.840102923462273340e-19
1.881903989818087302e-13 8.052472183516289699e-19
1.897792354941000294e-13 8.065766567890208868e-19
1.913814860884927613e-13 8.091739099850562582e-19
1.929972640161614233e-13 8.073178772893558803e-19
1.946266834844239292e-13 8.130145203631403912e-19
1.962698596648195957e-13 8.240062396895231018e-19
1.979269087012473091e-13 8.055511190694130003e-19
1.995979477181725815e-13 8.233149242763540257e-19
2.012830948289117267e-13 9.626850176251144643e-19
2.029824691439740198e-13 9.688895401967571988e-19
2.046961907794872111e-13 1.035826198281120993e-18
2.064243808656811010e-13 1.078738546689270943e-18
2.081671615554559319e-13 1.091433084784574817e-18
2.099246560330098005e-13 1.127365640003899158e-18
2.116969885225523776e-13 1.140860527281244340e-18
2.134842842970785306e-13 1.177942689537436441e-18
2.152866696872299198e-13 1.287591799734542322e-18
2.171042720902173564e-13 1.450426395903394992e-18
2.189372199788325721e-13 1.514299930370922864e-18
2.207856429105219631e-13 1.681377669056506162e-18
2.226496715365511591e-13 1.758087831623157178e-18
2.245294376112325753e-13 1.835397253571788911e-18
2.264250740012454322e-13 2.034596932637693449e-18
2.283367146950198172e-13 2.269484800449116545e-18
2.302644948122146025e-13 2.297233895057814093e-18
2.322085506132607688e-13 2.500689399007089324e-18
2.341690195089999980e-13 2.508558722452095109e-18
2.361460400703897325e-13 2.639619047533421057e-18
2.381397520383043363e-13 2.699695095083130256e-18
2.401502963334095638e-13 2.809557113681418335e-18
2.421778150661201803e-13 2.972489968464552348e-18
2.442224515466516910e-13 4.274538639791653961e-18
2.462843502951416914e-13 4.589003567458766839e-18
2.483636570518731007e-13 5.326527593224644915e-18
2.504605187875675219e-13 6.528485868132164755e-18
2.525750837137812926e-13 7.010827638320135447e-18
2.547075012933735301e-13 8.610787264356885711e-18
2.568579222510787863e-13 8.931790430467286604e-18
2.590264985841522019e-13 9.800492139610714459e-18
2.612133835731215414e-13 1.194527961451149957e-17
2.634187317926130406e-13 1.283790424683220878e-17
2.656426991222854987e-13 1.784865337088529599e-17
2.678854427578398983e-13 2.322098918883413453e-17
2.701471212221388356e-13 3.464380104460024347e-17
2.724278943764026402e-13 5.305547618957623811e-17
2.747279234315177277e-13 7.874745924587756980e-17
2.770473709594223995e-13 3.088216364982127747e-16
2.793864009046067938e-13 1.067777577536402785e-15
2.817451785956917991e-13 2.381839230026119388e-15
2.841238707571241879e-13 1.499558299453401361e-14
2.865226455209519248e-13 3.184689025601194785e-14
2.889416724387172104e-13 4.314716758472537130e-14
2.913811224934317175e-13 5.866385286993889323e-14
2.938411681116714827e-13 8.744219444839584685e-14
2.963219831757547980e-13 1.053215765362847646e-13
2.988237430360412214e-13 1.070408322601985681e-13
3.013466245233221207e-13 1.246666383647627444e-13
3.038908059613158762e-13 1.387335929318078176e-13
3.064564671792807702e-13 1.403754804420266437e-13
3.090437895247159753e-13 1.387763538425941816e-13
3.116529558761896191e-13 1.420009841454504770e-13
3.142841506562549999e-13 1.442986097939053164e-13
3.169375598444962503e-13 1.487155873769772037e-13
3.196133709906635658e-13 1.474187047502519300e-13
3.223117732279400530e-13 1.492375293553598886e-13
3.250329572862997570e-13 1.474159267774620856e-13
3.277771155059994301e-13 1.462207049648718346e-13
3.305444418511629939e-13 1.474182417511514852e-13
3.333351319235021151e-13 1.489763297868866937e-13
3.361493829761311922e-13 1.502412228553599041e-13
3.389873939275203230e-13 1.477246897081565303e-13
3.418493653755447534e-13 1.477246897081565303e-13
3.447354996116742762e-13 1.561444314777393344e-13
3.476460006352609286e-13 1.596483451517840781e-13
3.505810741679693657e-13 1.608824295292166685e-13
3.535409276683062396e-13 1.586581899475301856e-13
3.565257703462955871e-13 1.593134226651941039e-13
3.595358131782545857e-13 1.610180282125603063e-13
3.625712689217162776e-13 1.734578149636297216e-13
3.656323521304632137e-13 1.658094003514274705e-13
3.687192791696885274e-13 1.717266696783620447e-13
3.718322682312992807e-13 1.739805268019041213e-13
3.749715393493268934e-13 1.744555526623833930e-13
3.781373144154920631e-13 1.743545213722604036e-13
3.813298171948761118e-13 1.782671869590569977e-13
3.845492733417497515e-13 1.915805642175293685e-13
3.877959104155104470e-13 1.802887597947914577e-13
3.910699578967794703e-13 1.795890469614514562e-13
3.943716472036095206e-13 1.785118743307509922e-13
3.977012117078546616e-13 1.779007846226071083e-13
4.010588867516527427e-13 1.756725042520220016e-13
4.044449096640730658e-13 1.881519374403490583e-13
4.078595197778782528e-13 1.852521006859611504e-13
4.113029584464541349e-13 1.988639316483935841e-13
4.147754690608559132e-13 2.015922694598533421e-13
4.182772970670250169e-13 2.062120906325719863e-13
4.218086899831244533e-13 2.062362239625778634e-13
4.253698974170474316e-13 2.080657956428185653e-13
4.289611710840468002e-13 2.089100037652681290e-13
4.325827648245406853e-13 2.104396374677355412e-13
4.362349346220405607e-13 2.130267295748699563e-13
4.399179386212571320e-13 2.122870267352104018e-13
4.436320371463415279e-13 2.144299434901362870e-13
4.473774927192800213e-13 2.248642317806765578e-13
4.511545700784625783e-13 2.251854202495210102e-13
4.549635361973807045e-13 2.244366930076348450e-13
4.588046603035123456e-13 2.243504772221174390e-13
4.626782138973369445e-13 2.265650663438455916e-13
4.665844707715405313e-13 2.371085168945144231e-13
4.705237070303532408e-13 2.419998058252066249e-13
4.744962011090801456e-13 2.482933415215875536e-13
4.785022337937662835e-13 2.673080961811716266e-13
4.825420882410591909e-13 2.765523329547539634e-13
4.866160499982071449e-13 2.749057318520723718e-13
4.907244070232584454e-13 2.867332117007217562e-13
4.948674497053988300e-13 2.903705659295832365e-13
4.990454708854932604e-13 2.959795735501731400e-13
5.032587658767681639e-13 2.966432091881454037e-13
5.075076324857015812e-13 2.997786912980279146e-13
5.117923710330561919e-13 3.022286668443466206e-13
5.161132843751234780e-13 3.281101698353197295e-13
5.204706779251134916e-13 3.428657050918466503e-13
5.248648596747592935e-13 3.548815711811666649e-13
5.292961402160695216e-13 4.109830411075839245e-13
5.337648327632967410e-13 4.129490914983559129e-13
5.382712531750700785e-13 4.206267113704690878e-13
5.428157199767160739e-13 4.408862698730144272e-13
5.473985543827775410e-13 4.457327787530290529e-13
5.520200803197222606e-13 4.399830385043632610e-13
5.566806244488344361e-13 4.498068248289702743e-13
5.613805161892971934e-13 4.567611305599115597e-13
5.661200877414926788e-13 4.889877553582662172e-13
5.708996741104643228e-13 4.910027600115487075e-13
5.757196131296147766e-13 4.771179636248949771e-13
5.805802454845657108e-13 4.911823239205087649e-13
5.854819147372574280e-13 4.921478751982181659e-13
5.904249673502137695e-13 4.994208706125173116e-13
5.954097527110497644e-13 5.055295571053141581e-13
6.004366231571485115e-13 5.150391707086973700e-13
6.055059340005842360e-13 5.601288658300037788e-13
6.106180435532171037e-13 5.415958694700059676e-13
6.157733131520397634e-13 4.968340378694381503e-13
6.209721071846972625e-13 4.948782595912512983e-13
6.262147931152632346e-13 4.926062466735616416e-13
6.315017415101924895e-13 5.505776386164747250e-13
6.368333260645348230e-13 5.545082022033744858e-13
6.422099236283274504e-13 5.690728670049347227e-13
6.476319142332526990e-13 5.944558246252038653e-13
6.530996811194786660e-13 6.114974507401527825e-13
6.586136107627689726e-13 6.290488000038072769e-13
6.641740929017783104e-13 6.328931704636071821e-13
6.697815205656188010e-13 6.245932052211699806e-13
6.754362901016327462e-13 6.227408605150239365e-13
6.811388012033987307e-13 6.230772413786165984e-13
6.868894569390023768e-13 6.290488000038072769e-13
6.926886637795043026e-13 6.836397252871708613e-13
6.985368316276926252e-13 7.031226614492603560e-13
7.044343738470334747e-13 7.994027094824534632e-13
7.103817072909113032e-13 8.113127662791699960e-13
7.163792523320703355e-13 8.191321746277078448e-13
7.224274328923503585e-13 8.618169662564427624e-13
7.285266764726279944e-13 9.397090572948366532e-13
7.346774141830561493e-13 9.824065819318144209e-13
7.408800807735130852e-13 9.820407989247431368e-13
7.471351146643550202e-13 9.817416548613743453e-13
7.534429579773810770e-13 9.807155620928118097e-13
7.598040565671074150e-13 9.865551974415142546e-13
7.662188600522573461e-13 9.882356296937058632e-13
7.726878218475661865e-13 9.882356296937058632e-13
7.792113991958044154e-13 9.864146368885787123e-13
7.857900532001224363e-13 9.865551974415142546e-13
7.924242488566168753e-13 9.840711612746295958e-13
7.991144550872232287e-13 9.814924377514458261e-13
8.058611447728348941e-13 9.812931096145489908e-13
8.126647947867502672e-13 9.834051075587798159e-13
8.195258860283694462e-13 9.857823621873875415e-13
8.264449034571755832e-13 9.658817128866943137e-13
8.334223361270364239e-13 9.845867774364377795e-13
8.404586772207448544e-13 9.869066864586139285e-13
8.475544240849057880e-13 9.939210251905203905e-13
8.547100782650621602e-13 9.953951084602534375e-13
8.619261455411730201e-13 9.950786233048658498e-13
8.692031359633359796e-13 9.942878505861497221e-13
8.765415638878665048e-13 9.951577351587540113e-13
8.839419480136257059e-13 9.979400552679810308e-13
8.914048114187120374e-13 9.947622387757008955e-13
8.989306815974049289e-13 1.001201656918359271e-12
9.065200904974780829e-13 1.008369561642619443e-12
9.141735745577701554e-13 1.115567658830042086e-12
9.218916747461312627e-13 1.164631298413586128e-12
9.296749365976293954e-13 1.165877534678348665e-12
9.375239102531408379e-13 1.284142836392244450e-12
9.454391504982054428e-13 1.296270976895244102e-12
9.534212168022702520e-13 1.241191323248923916e-12
9.614706733582039307e-13 1.323326875157761468e-12
9.695880891222062126e-13 1.355400091988227589e-12
9.777740378539917928e-13 1.357125087397206134e-12
9.860290981573726649e-13 1.357581641204471720e-12
9.943538535211441884e-13 1.357885522288292758e-12
1.002748892360314065e-12 1.357581641204471720e-12
1.011214808057722891e-12 1.358037488337030949e-12
1.019752199005952288e-12 1.356414529453438495e-12
1.028361668649653890e-12 1.355907215850462185e-12
1.037043825528169946e-12 1.346771993678308185e-12
1.045799283318578617e-12 1.310142339873196370e-12
1.054628660879037561e-12 1.301524788080864794e-12
1.063532582292560277e-12 1.319108186104041016e-12
1.072511676911092762e-12 1.357429726165582953e-12
1.081566579400033431e-12 1.395667384586329151e-12
1.090697929783057186e-12 1.393710369691046322e-12
1.099906373487389616e-12 1.387855774461751081e-12
1.109192561389391794e-12 1.374290515343138800e-12
1.118557149860601288e-12 1.407671125475492781e-12
1.128000800814090820e-12 1.449652610836592377e-12
1.137524181751290004e-12 1.510128926979597024e-12
1.147127965809128786e-12 1.608585665024662702e-12
1.156812831807655052e-12 1.652230225982435151e-12
1.166579464297975972e-12 1.661899934569278472e-12
1.176428553610683196e-12 1.754365480182746514e-12
1.186360795904608454e-12 1.933236648843235608e-12
1.196376893216063014e-12 1.965883864486735066e-12
1.206477553508446304e-12 1.977097562898578607e-12
1.216663490722275191e-12 2.041871646076439417e-12
1.226935424825657554e-12 2.046746238173287241e-12
1.237294081865191958e-12 2.066855270909451354e-12
1.247740194017275671e-12 2.073796831418182517e-12
1.258274499639842029e-12 2.066332690203685955e-12
1.268897743324585500e-12 2.065810241626463788e-12
1.279610675949549244e-12 2.075004282890576825e-12
1.290414054732240979e-12 2.234226388257734395e-12
1.301308643283114160e-12 2.262410861319629364e-12
1.312295211659582110e-12 2.274900553212129570e-12
1.323374536420407565e-12 2.270814179656972405e-12
1.334547400680632437e-12 2.268365879711483039e-12
1.345814594166888653e-12 2.260048636904834531e-12
1.357176913273261113e-12 2.272447847504054038e-12
1.368635161117534766e-12 2.330545796045087528e-12
1.380190147598005517e-12 2.576775545748013476e-12
1.391842689450681707e-12 2.438480959830031504e-12
1.403593610307057101e-12 2.368455866685970736e-12
1.415443740752282935e-12 2.381004749561705718e-12
1.427393918383920759e-12 2.524804314352642205e-12
1.439444987871100188e-12 2.410367431695873260e-12
1.451597801014263115e-12 2.278123732639344274e-12
1.463853216805353217e-12 2.294136384482177838e-12
1.476212101488520628e-12 2.293475291813312447e-12
1.488675328621360574e-12 2.294478148345686713e-12
1.501243779136672820e-12 2.438561944329242284e-12
1.513918341404714286e-12 2.423095668054394589e-12
1.526699911295974497e-12 2.398932560177169022e-12
1.539589392244539726e-12 2.338255661764324723e-12
1.552587695311901610e-12 2.400574175112911088e-12
1.565695739251402523e-12 2.368521997963425223e-12
1.578914450573125020e-12 2.682696840602413247e-12
1.592244763609431573e-12 2.664575988409483920e-12
1.605687620580953215e-12 2.809507572836775705e-12
1.619243971663240598e-12 2.848740439964476882e-12
1.632914775053872446e-12 2.809507572836775705e-12
1.646700997040235902e-12 2.787218375950698492e-12
1.660603612067773369e-12 2.773278711011362206e-12
1.674623602808911536e-12 2.573671344975404309e-12
1.688761960232467000e-12 2.743994420016665781e-12
1.703019683673742759e-12 2.759706823900208795e-12
1.717397780905110178e-12 2.698973845767519926e-12
1.731897268207296373e-12 2.753999207071018687e-12
1.746519170441160906e-12 2.719349074664059245e-12
1.761264521120192435e-12 2.756851538398399723e-12
1.776134362483502957e-12 2.729594298379450936e-12
1.791129745569554117e-12 2.989996861711699490e-12
1.806251730290387986e-12 3.071058056000098085e-12
1.821501385506596361e-12 3.102122122990352310e-12
1.836879789102849060e-12 3.094784779248603792e-12
1.852388028064065626e-12 2.812052038237076373e-12
1.868027198552260724e-12 2.974747563976784196e-12
1.883798405984041036e-12 2.974747563976784196e-12
1.899702765108721718e-12 3.081986162916756537e-12
1.915741400087096781e-12 3.078339146678452920e-12
1.931915444570953036e-12 3.108003896621854876e-12
1.948226041783136167e-12 3.139042995967591890e-12
1.964674344598419355e-12 3.126129452447649056e-12
1.981261515624929265e-12 3.247383764394769470e-12
1.997988727286385094e-12 3.272485513264567481e-12
2.014857161904903061e-12 3.319579577173893693e-12
2.031868011784633333e-12 3.369726286623273267e-12
2.049022479295968471e-12 3.344017764133750416e-12
2.066321776960594392e-12 3.460370250357684801e-12
2.083767127537131436e-12 3.523359001652147338e-12
2.101359764107626034e-12 3.854724506349923997e-12
2.119100930164642162e-12 3.861564213453270287e-12
2.136991879699222387e-12 3.872990705192181645e-12
2.155033877289453548e-12 3.909793514159061021e-12
2.173228198189921814e-12 3.934600151095838114e-12
2.191576128421778433e-12 4.138913371129497625e-12
2.210078964863702544e-12 4.189741653807005894e-12
2.228738015343540506e-12 4.320796633932759379e-12
2.247554598730728792e-12 4.635335997164236271e-12
2.266530045029532753e-12 4.763288952152125431e-12
2.285665695473073794e-12 4.735064695423249765e-12
2.304962902618111824e-12 4.730499628409599179e-12
2.324423030440619763e-12 4.728218745607779501e-12
2.344047454432259536e-12 4.694332820990161066e-12
2.363837561697527732e-12 4.671269547606071745e-12
2.383794751051877884e-12 4.667471334863447088e-12
2.403920433120514431e-12 4.669986037042059111e-12
2.424216030438176629e-12 4.939458459109347854e-12
2.444682977549609493e-12 5.062328350950054653e-12
2.465322721111040035e-12 5.193977386914917699e-12
2.486136719992349823e-12 5.610047331109825385e-12
2.507126445380273839e-12 5.733589875855795424e-12
2.528293380882304139e-12 5.611629046289685247e-12
2.549639022631639605e-12 5.611233575691439947e-12
2.571164879392852209e-12 5.752430988851117258e-12
2.592872472668613913e-12 5.824468328799381880e-12
2.614763336807156635e-12 5.836543013981265009e-12
2.636839019110808206e-12 5.903324904423746905e-12
2.659101079945274718e-12 5.979008507481651063e-12
2.681551092850006536e-12 6.020164703858542653e-12
2.704190644649386634e-12 6.056743380356130406e-12
2.727021335564871734e-12 6.047577927585418011e-12
2.750044779328118948e-12 6.222515637420169732e-12
2.773262603295072885e-12 6.270825181963493456e-12
2.796676448560968393e-12 6.258712747271626001e-12
2.820287970076293771e-12 6.449126181707436153e-12
2.844098836763846114e-12 6.525762950141771750e-12
2.868110731636602935e-12 6.505521557731123252e-12
2.892325351916775992e-12 6.597202350257030163e-12
2.916744409155679776e-12 6.597202350257030163e-12
2.941369629354803611e-12 7.146407662769459238e-12
2.966202753087715780e-12 7.573886406375144487e-12
2.991245535623185403e-12 7.620581052383976155e-12
3.016499747049154917e-12 7.739273002074821932e-12
3.041967172397949698e-12 7.776841928075715719e-12
3.067649611772352821e-12 7.807317757618282764e-12
3.093548880472937567e-12 7.839072082266373367e-12
3.119666809126279604e-12 8.002704729977730306e-12
3.146005243814450337e-12 8.038210846676869766e-12
3.172566046205400042e-12 8.407771874348650703e-12
3.199351093684650429e-12 8.414111514263404920e-12
3.226362279487886283e-12 8.479901753117930542e-12
3.253601512834869061e-12 8.388781599946130510e-12
3.281070719064342450e-12 7.719923904812717665e-12
3.308771839770097526e-12 7.569613068837669077e-12
3.336706832938232630e-12 6.982991161891510694e-12
3.364877673085577277e-12 6.572649335178026765e-12
3.393286351399229610e-12 5.606270565814567667e-12
3.421934875877257480e-12 5.487791737375822518e-12
3.450825271470724307e-12 5.380963968782320016e-12
3.479959580226706504e-12 5.162472048469433428e-12
3.509339861432744745e-12 1.722652358335049979e-12
3.538968191762284768e-12 1.209938324652389903e-12
3.568846665421575445e-12 1.174686988414364554e-12
3.598977394297580629e-12 9.516685719693195991e-13
3.629362508107364827e-12 9.475554137082744244e-13
3.660004154548513644e-12 9.235943804863016728e-13
3.690904499451053509e-12 8.176553352447067072e-13
3.722065726930421918e-12 8.064721143144294619e-13
3.753490039541963616e-12 7.796350089262107402e-13
3.785179658436493456e-12 7.597684542513726262e-13
3.817136823517414678e-12 7.450520841833109224e-13
3.849363793598919618e-12 7.212966684709355567e-13
3.881862846565767240e-12 7.147038901655205550e-13
3.914636279534172998e-12 7.201831338449435912e-13
3.947686409014291659e-12 7.386033032985500974e-13
3.981015571073835897e-12 7.263289191414294771e-13
4.014626121503316926e-12 7.369998484700061718e-13
4.048520435982433011e-12 7.257680508951104288e-13
4.082700910248099417e-12 7.322103396858732970e-13
4.117169960263739321e-12 7.604605666063611377e-13
4.151930022390012598e-12 7.625406888547040351e-13
4.186983553557063261e-12 7.229701994813998748e-13
4.222333031438208809e-12 7.174068124063332535e-13
4.257980954625039981e-12 7.190713182888094869e-13
4.293929842803972932e-12 7.201831338449435912e-13
4.330182236934471107e-12 7.190713182888094869e-13
4.366740699428503046e-12 7.212966684709355567e-13
4.403607814331803991e-12 7.139075267964470844e-13
4.440786187506380684e-12 7.147038901655205550e-13
4.478278446814843401e-12 6.973279610240335758e-13
4.516087242306003790e-12 6.907425045163287704e-13
4.554215246402335486e-12 6.756528525428025624e-13
4.592665154088719119e-12 6.803954526163831903e-13
4.631439683103078363e-12 6.675934650088260401e-13
4.670541574128331075e-12 6.100406162219498995e-13
4.709973590986251671e-12 6.103393398649344368e-13
4.749738520832680908e-12 6.447770330282290054e-13
4.789839174354675170e-12 6.647737114332621731e-13
4.830278385969024164e-12 6.459433548445302631e-13
4.871059014022748512e-12 6.836824307103167135e-13
4.912183940994975441e-12 6.803954526163831903e-13
4.953656073700822652e-12 6.788108985660088252e-13
4.995478343496798408e-12 7.072319426576994363e-13
5.037653706487953736e-12 7.263289191414294771e-13
5.080185143736872354e-12 8.229037640639899342e-13
5.123075661474417550e-12 8.523667026013889644e-13
5.166328291312181892e-12 8.718729714546120087e-13
5.209946090456705999e-12 9.072570529119681037e-13
5.253932141925713577e-12 9.113724155715750216e-13
5.298289554765861863e-12 9.191381158308763708e-13
5.343021464272665847e-12 9.527980653863395448e-13
5.388131032211936304e-12 1.001963289030824732e-12
5.433621447043436825e-12 9.761415084598658966e-13
5.479495924146075662e-12 9.586798412302234966e-13
5.525757706045354550e-12 9.789774150721377598e-13
5.572410062642378178e-12 1.020120863172454209e-12
5.619456291445163459e-12 1.080262829125590668e-12
5.666899717801530451e-12 1.075384725115688670e-12
5.714743695134331036e-12 1.091385135886553597e-12
5.762991605178292381e-12 1.105900149040909777e-12
5.811646858219232880e-12 1.106355137969805229e-12
5.860712893334923585e-12 1.165039360445957752e-12
5.910193178638356850e-12 1.157021708647746005e-12
5.960091211522695189e-12 1.204493391823323476e-12
6.010410518908639479e-12 1.201099070838525901e-12
6.061154657493651853e-12 1.401386062938493267e-12
6.112327214003302287e-12 1.517609432375175162e-12
6.163931805444836611e-12 1.514873694704810883e-12
6.215972079362881952e-12 1.529102581568476141e-12
6.268451714097221737e-12 1.519246006710461448e-12
6.321374419042708926e-12 1.525809971742550958e-12
6.374743934911634943e-12 1.542382346177613415e-12
6.428564033997929062e-12 1.640325066516402441e-12
6.482838520443998468e-12 1.803280614083639824e-12
6.537571230509406866e-12 2.157480468959236992e-12
6.592766032842243030e-12 2.201608293068559858e-12
6.648426828752352136e-12 2.408912771920211162e-12
6.704557552487306312e-12 2.499094675819357414e-12
6.761162171510271089e-12 2.521494761642988697e-12
6.818244686780652271e-12 2.515283120600607144e-12
6.875809133036675857e-12 2.512183040772645623e-12
6.933859579080794435e-12 2.577219234109539506e-12
6.992400128067057317e-12 2.798675380983308878e-12
7.051434917791357231e-12 2.876924838886950645e-12
7.110968120983674689e-12 2.930157579616901239e-12
7.171003945603241711e-12 2.962227431078910052e-12
7.231546635135746856e-12 2.945585098209559659e-12
7.292600468893470917e-12 2.979390280206995779e-12
7.354169762317684444e-12 2.987640846779588437e-12
7.416258867283598706e-12 3.084598213775339820e-12
7.478872172408041326e-12 3.083840893081362027e-12
7.542014103359705568e-12 3.380260850515411134e-12
7.605689123171911840e-12 3.429596938025256151e-12
7.669901732557975157e-12 3.430095840788896485e-12
7.734656470229542039e-12 3.436164574847517238e-12
7.799957913217144006e-12 3.436240813541345642e-12
7.865810677193975779e-12 3.571136256135152079e-12
7.932219416801880371e-12 3.998824895300351661e-12
7.999188825980607364e-12 4.109220026668894792e-12
8.066723638299342696e-12 4.385916391242963081e-12
8.134828627291540709e-12 4.412820328938618425e-12
8.203508606792069724e-12 4.350670659303440957e-12
8.272768431277732565e-12 4.422764139710489123e-12
8.342612996210128082e-12 4.378844475879361359e-12
8.413047238381940942e-12 4.630964552945929123e-12
8.484076136265611181e-12 4.624031899016849317e-12
8.555704710365509583e-12 4.636749703671466026e-12
8.627938023572517049e-12 4.747534968792277802e-12
8.700781181522161490e-12 4.719887554708327188e-12
8.774239332955216878e-12 4.692401146179988182e-12
8.848317670081911512e-12 4.776362470008793669e-12
8.923021428948645300e-12 4.768376756385146155e-12
8.998355889808371181e-12 5.095951892758026262e-12
9.074326377493525956e-12 5.114975819723067213e-12
9.150938261792664033e-12 5.147776017212093958e-12
9.228196957829887765e-12 5.698507341218992117e-12
9.306107926447542878e-12 5.762864659718689412e-12
9.384676674592263019e-12 5.740715285021620578e-12
9.463908755704300406e-12 6.021117754920923727e-12
9.543809770109981025e-12 7.032250825168656918e-12
9.624385365417429768e-12 7.142945982337724608e-12
9.705641236916035669e-12 7.791575163104194692e-12
9.787583127978689472e-12 7.866441300721081871e-12
9.870216830468061796e-12 8.071446484947875883e-12
9.953548185145660098e-12 8.270822786293485673e-12
1.003758308208500378e-11 8.560591283818874935e-12
1.012232746108761040e-11 8.460265643935091322e-12
1.020778731210317437e-11 8.460265643935091322e-12
1.029396867565261486e-11 8.319549465770500607e-12
1.038087764325537118e-11 7.930660171376142088e-12
1.046852035785963037e-11 7.853176638964760305e-12
1.055690301427686847e-11 7.263401467447899948e-12
1.064603185961936926e-11 7.798273979294863431e-12
1.073591319374212933e-11 7.414288474571253703e-12
1.082655336968781024e-11 5.908380871810648854e-12
1.091795879413612691e-11 5.374361361790280763e-12
1.101013592785634295e-11 4.817542211670238642e-12
1.110309128616423784e-11 4.720535472928809833e-12
1.119683143938250241e-11 4.517333597294745950e-12
1.129136301330504726e-11 3.953871073343615463e-12
1.138669268966542289e-11 3.619242195852000928e-12
1.148282720660919476e-11 3.020215628178249782e-12
1.157977335917012463e-11 3.022443857320163906e-12
1.167753799975031181e-11 2.610001388969431407e-12
1.177612803860487571e-11 2.539739528923383853e-12
1.187555044433000535e-11 2.533188345546032956e-12
1.197581224435590730e-11 2.532253842700596424e-12
1.207692052544312536e-11 2.533188345546032956e-12
1.217888243418385241e-11 2.470610081543004455e-12
1.228170517750666888e-11 2.502619419636825223e-12
1.238539602318634617e-11 2.516464349083532803e-12
1.248996230035715254e-11 2.475157655224346313e-12
1.259541140003129346e-11 2.498021390827172340e-12
1.270175077562092882e-11 2.525736827372178185e-12
1.280898794346540358e-11 2.447997234475511117e-12
1.291713048336210713e-11 2.109203877042732372e-12
1.302618603910265596e-11 2.130710900889427600e-12
1.313616231901274855e-11 2.139374990197404123e-12
1.324706709649743896e-11 2.169977686130250588e-12
1.335890821059015048e-11 2.106400380005040681e-12
1.347169356650713871e-11 2.106400380005040681e-12
1.358543113620608561e-11 1.613107208675719044e-12
1.370012895894947577e-11 7.690859147655735279e-14
1.381579514187292926e-11 8.713793514605174818e-16
1.393243786055835864e-11 4.027346691017263659e-17
1.405006535961172065e-11 5.250098500834516475e-18
1.416868595324566161e-11 4.341930371320531242e-18
1.428830802586728736e-11 4.088678442323525140e-18
1.440894003267091738e-11 3.214997765631906859e-18
1.453059050023561124e-11 1.700547245066100061e-18
1.465326802712766151e-11 9.636862276436512213e-19
1.477698128450877338e-11 9.157058591852088221e-19
1.490173901674850798e-11 8.954750498022842828e-19
1.502755004204281467e-11 9.255331526178319481e-19
1.515442325303684804e-11 9.365211814794431766e-19
1.528236761745401930e-11 9.363970472947373202e-19
1.541139217872934851e-11 9.230534648458211294e-19
1.554150605664919182e-11 9.366315367917516661e-19
1.567271844799533728e-11 9.365349751823891615e-19
1.580503862719557270e-11 9.222283794857352478e-19
1.593847594697870286e-11 9.230534648458211294e-19
1.607303983903615179e-11 9.197575458595773248e-19
1.620873981468809199e-11 9.225869836562599695e-19
1.634558546555619430e-11 8.905565160643174016e-19
1.648358646424138283e-11 8.903641704565410736e-19
1.662275256500738991e-11 8.513072673348477205e-19
1.676309360447034038e-11 7.249001653966051730e-19
1.690461950229417779e-11 7.339267819915090031e-19
1.704734026189165479e-11 7.249001653966051730e-19
1.719126597113129143e-11 7.218899712195811819e-19
1.733640680305051791e-11 7.048763087351830059e-19
1.748277301657489199e-11 7.082000153629960395e-19
1.763037495724307754e-11 6.999199735344325839e-19
1.777922305793788485e-11 6.727625179523605963e-19
1.792932783962418998e-11 6.227745424311496422e-19
1.808069991209200795e-11 5.976752586816042094e-19
1.823334997470700079e-11 5.907411908150390637e-19
1.838728881716615554e-11 5.883957722332656128e-19
1.854252732026100697e-11 5.873327534541705158e-19
1.869907645664613682e-11 5.861154445048129732e-19
1.885694729161534390e-11 5.849117918391049192e-19
1.901615098388315204e-11 5.831109459414803274e-19
1.917669878637417303e-11 5.770832515477573130e-19
1.933860204701784626e-11 5.734787451243568175e-19
1.950187220955118194e-11 5.683053299845475838e-19
1.966652081432699737e-11 5.500557537185583786e-19
1.983255949913016968e-11 5.496562585126153907e-19
2.000000000000000202e-11 5.672762608779951392e-19
