1.300000000000000519e-13 5.287619546255008245e-19
1.310975519883867338e-13 5.294518786229018239e-19
1.322043702872909646e-13 5.319644136840320339e-19
1.333205331294619499e-13 5.328024089171877336e-19
1.344461194081472124e-13 5.316478241174497683e-19
1.355812086826648020e-13 5.328536821310550979e-19
1.367258811840309672e-13 5.351499990730610871e-19
1.378802178206267503e-13 5.360027201767929880e-19
1.390443001839213065e-13 5.399543409393567844e-19
1.402182105542343748e-13 5.494490801543907895e-19
1.414020319065566576e-13 5.531049168991206413e-19
1.425958479164101867e-13 5.585661768059509082e-19
1.437997429657672538e-13 5.654486324638122123e-19
1.450138021490101095e-13 5.808405799299542688e-19
1.462381112789503885e-13 6.131420106373168220e-19
1.474727568928898333e-13 6.363564781328644854e-19
1.487178262587416529e-13 6.455173108397252019e-19
1.499734073811941642e-13 6.434628591592183162e-19
1.512395890079359779e-13 6.467277221122138595e-19
1.525164606359240215e-13 6.363564781328644854e-19
1.538041125177143193e-13 6.430080235906059290e-19
1.551026356678363662e-13 6.458058596630405109e-19
1.564121218692312432e-13 6.656382264220710868e-19
1.577326636797339587e-13 6.730435348139789896e-19
1.590643544386209178e-13 6.497545886809874102e-19
1.604072882732020989e-13 6.637559440262763348e-19
1.617615601054787873e-13 6.599409647804906649e-19
1.631272656588509876e-13 6.675663325620475495e-19
1.645045014648814082e-13 6.874002749044661501e-19
1.658933648701231843e-13 7.022406101673990266e-19
1.672939540429951857e-13 7.070916620195428632e-19
1.687063679807263410e-13 7.210673018473695066e-19
1.701307065163474436e-13 7.209009153772177818e-19
1.715670703257531359e-13 7.273911514437905075e-19
1.730155609348124113e-13 7.229401913673884190e-19
1.744762807265503782e-13 7.481051753155685389e-19
1.759493329483791236e-13 7.486172845747500004e-19
1.774348217194014288e-13 7.654993633811384231e-19
1.789328520377642406e-13 7.846976665695549890e-19
1.804435297880861313e-13 7.990991377971366565e-19
1.819669617489355484e-13 8.587769968651114122e-19
1.835032556003842145e-13 8.944934796291273941e-19
1.850525199316121510e-13 8.166978734219947239e-19
1.866148642485891122e-13 8.080090219121249348e-19
1.881903989818087302e-13 8.327968271370053950e-19
1.897792354941000294e-13 8.487638785645191105e-19
1.913814860884927613e-13 8.520080024069706379e-19
1.929972640161614233e-13 9.291502213398584905e-19
1.946266834844239292e-13 9.604594416359787329e-19
1.962698596648195957e-13 9.732263967307721361e-19
1.979269087012473091e-13 1.025165986595373493e-18
1.995979477181725815e-13 1.048641078060146379e-18
2.012830948289117267e-13 1.053112018545608664e-18
2.029824691439740198e-13 1.074039520553004751e-18
2.046961907794872111e-13 1.088100657243878776e-18
2.064243808656811010e-13 1.074912203723026280e-18
2.081671615554559319e-13 1.123592128581441344e-18
2.099246560330098005e-13 1.157882309746013091e-18
2.116969885225523776e-13 1.126223374938700900e-18
2.134842842970785306e-13 1.137840084630226026e-18
2.152866696872299198e-13 1.210581238716498036e-18
2.171042720902173564e-13 1.249375015100052225e-18
2.189372199788325721e-13 1.342907641998453104e-18
2.207856429105219631e-13 1.417841547172756849e-18
2.226496715365511591e-13 1.467266729714253217e-18
2.245294376112325753e-13 1.500875643330735432e-18
2.264250740012454322e-13 1.671753608811059620e-18
2.283367146950198172e-13 1.931127342378425649e-18
2.302644948122146025e-13 2.221274369272707924e-18
2.322085506132607688e-13 2.322011920472537025e-18
2.341690195089999980e-13 2.479709923015447246e-18
2.361460400703897325e-13 2.729600189624884195e-18
2.381397520383043363e-13 2.923760475147688121e-18
2.401502963334095638e-13 3.272867963615674647e-18
2.421778150661201803e-13 3.528502000821923661e-18
2.442224515466516910e-13 3.721589499540885286e-18
2.462843502951416914e-13 4.023696933230455852e-18
2.483636570518731007e-13 4.150128133099802209e-18
2.504605187875675219e-13 4.580394092428745855e-18
2.525750837137812926e-13 4.730378894300720021e-18
2.547075012933735301e-13 5.604320339001285709e-18
2.568579222510787863e-13 5.280576540757467179e-18
2.590264985841522019e-13 6.578194541994467723e-18
2.612133835731215414e-13 7.514332541244531313e-18
2.634187317926130406e-13 8.700755951256824563e-18
2.656426991222854987e-13 9.252178845471055910e-18
2.678854427578398983e-13 1.316025808030380115e-17
2.701471212221388356e-13 1.577781809465813154e-17
2.724278943764026402e-13 1.713212597567164171e-17
2.747279234315177277e-13 1.884022643328366307e-17
2.770473709594223995e-13 2.807614305423807011e-17
2.793864009046067938e-13 3.986034079107721242e-17
2.817451785956917991e-13 5.289276551742741047e-17
2.841238707571241879e-13 6.020288788403884442e-17
2.865226455209519248e-13 7.327280930179721345e-17
2.889416724387172104e-13 9.648526990324319471e-17
2.913811224934317175e-13 1.631019056581288594e-16
2.938411681116714827e-13 2.567827228419743641e-16
2.963219831757547980e-13 5.764260511540664299e-16
2.988237430360412214e-13 1.669228528495832150e-15
3.013466245233221207e-13 3.347317622917944978e-15
3.038908059613158762e-13 7.061727202476863283e-15
3.064564671792807702e-13 1.353192115050410084e-14
3.090437895247159753e-13 2.067334555356703710e-14
3.116529558761896191e-13 2.801534414081559917e-14
3.142841506562549999e-13 3.736032449280555660e-14
3.169375598444962503e-13 4.140628614775575864e-14
3.196133709906635658e-13 4.694440199532997123e-14
3.223117732279400530e-13 5.266872527494595147e-14
3.250329572862997570e-13 5.959918576849836816e-14
3.277771155059994301e-13 6.671013101200104408e-14
3.305444418511629939e-13 7.115881080005632719e-14
3.333351319235021151e-13 7.417496241642541306e-14
3.361493829761311922e-13 7.981300580352375761e-14
3.389873939275203230e-13 8.590564517315990859e-14
3.418493653755447534e-13 8.726756303521253595e-14
3.447354996116742762e-13 9.113799769317268759e-14
3.476460006352609286e-13 9.564808984197609475e-14
3.505810741679693657e-13 9.841989548680776719e-14
3.535409276683062396e-13 1.041893123493764162e-13
3.565257703462955871e-13 1.096434838396038067e-13
3.595358131782545857e-13 1.146184917217795521e-13
3.625712689217162776e-13 1.214120219992545950e-13
3.656323521304632137e-13 1.331173921757100271e-13
3.687192791696885274e-13 1.339196339585434047e-13
3.718322682312992807e-13 1.410471763845716283e-13
3.749715393493268934e-13 1.445258540625185448e-13
3.781373144154920631e-13 1.466635529724101019e-13
3.813298171948761118e-13 1.531242010983656815e-13
3.845492733417497515e-13 1.624288252433686873e-13
3.877959104155104470e-13 1.673110493853670872e-13
3.910699578967794703e-13 1.786687845257496429e-13
3.943716472036095206e-13 1.819699140569523585e-13
3.977012117078546616e-13 1.942804191011965286e-13
4.010588867516527427e-13 2.067144701028736216e-13
4.044449096640730658e-13 2.077062324365453027e-13
4.078595197778782528e-13 2.139091620935477268e-13
4.113029584464541349e-13 2.197141950156567186e-13
4.147754690608559132e-13 2.299885428916418676e-13
4.182772970670250169e-13 2.316235837477235321e-13
4.218086899831244533e-13 2.380602305894613232e-13
4.253698974170474316e-13 2.449807541155919124e-13
4.289611710840468002e-13 2.514347728144472052e-13
4.325827648245406853e-13 2.566157703129747332e-13
4.362349346220405607e-13 2.611818528469989176e-13
4.399179386212571320e-13 2.728055998912214684e-13
4.436320371463415279e-13 2.818843463173782747e-13
4.473774927192800213e-13 2.820041203938060033e-13
4.511545700784625783e-13 2.841592218784056860e-13
4.549635361973807045e-13 2.880032644366601359e-13
4.588046603035123456e-13 2.965844223026000846e-13
4.626782138973369445e-13 3.054736103997409923e-13
4.665844707715405313e-13 3.169948258515223143e-13
4.705237070303532408e-13 3.335434303197029959e-13
4.744962011090801456e-13 3.472346353728583815e-13
4.785022337937662835e-13 3.554269710304509169e-13
4.825420882410591909e-13 3.559260547288373449e-13
4.866160499982071449e-13 3.662309740251079753e-13
4.907244070232584454e-13 3.592778682412657393e-13
4.948674497053988300e-13 3.846650176597770310e-13
4.990454708854932604e-13 3.888598142353451190e-13
5.032587658767681639e-13 3.888598142353451190e-13
5.075076324857015812e-13 3.998399826645814675e-13
5.117923710330561919e-13 3.983472498232784378e-13
5.161132843751234780e-13 4.070752090200475089e-13
5.204706779251134916e-13 4.116169182488877401e-13
5.248648596747592935e-13 4.316669853642079910e-13
5.292961402160695216e-13 4.319242560074010879e-13
5.337648327632967410e-13 4.324233186428910528e-13
5.382712531750700785e-13 4.318965602715124140e-13
5.428157199767160739e-13 4.372945733801036541e-13
5.473985543827775410e-13 4.519674282732244866e-13
5.520200803197222606e-13 4.560467537933831438e-13
5.566806244488344361e-13 4.528814997711510651e-13
5.613805161892971934e-13 4.812889468514998310e-13
5.661200877414926788e-13 4.814414639344145389e-13
5.708996741104643228e-13 4.873486330241031473e-13
5.757196131296147766e-13 4.984071299366952306e-13
5.805802454845657108e-13 5.055030402317751340e-13
5.854819147372574280e-13 5.280947677113093965e-13
5.904249673502137695e-13 5.353073060167538768e-13
5.954097527110497644e-13 5.545510247220815322e-13
6.004366231571485115e-13 5.568974588966794054e-13
6.055059340005842360e-13 5.589948288666075911e-13
6.106180435532171037e-13 5.506837443541884638e-13
6.157733131520397634e-13 5.454956648993025640e-13
6.209721071846972625e-13 5.494885990427570641e-13
6.262147931152632346e-13 5.445987607415387353e-13
6.315017415101924895e-13 5.591192465288761217e-13
6.368333260645348230e-13 5.560602717160188659e-13
6.422099236283274504e-13 5.462153068750424758e-13
6.476319142332526990e-13 5.522143928646068937e-13
6.530996811194786660e-13 5.587165007300335056e-13
6.586136107627689726e-13 5.608044370492969616e-13
6.641740929017783104e-13 5.592714204956043459e-13
6.697815205656188010e-13 5.596581945833373401e-13
6.754362901016327462e-13 5.595416443743177950e-13
6.811388012033987307e-13 5.607435194699339030e-13
6.868894569390023768e-13 5.609262920624815703e-13
6.926886637795043026e-13 5.864435976517130325e-13
6.985368316276926252e-13 6.000599505293294955e-13
7.044343738470334747e-13 5.998062399886865646e-13
7.103817072909113032e-13 6.384339453437427717e-13
7.163792523320703355e-13 6.596677988511081248e-13
7.224274328923503585e-13 6.650063754982873995e-13
7.285266764726279944e-13 6.681567590464212826e-13
7.346774141830561493e-13 6.642574996744438542e-13
7.408800807735130852e-13 6.638360583916504482e-13
7.471351146643550202e-13 6.754504057083917273e-13
7.534429579773810770e-13 6.637571997595292359e-13
7.598040565671074150e-13 6.637887420881809457e-13
7.662188600522573461e-13 7.074652969462806381e-13
7.726878218475661865e-13 7.040880785116804640e-13
7.792113991958044154e-13 7.305271624802286426e-13
7.857900532001224363e-13 7.335352858731971860e-13
7.924242488566168753e-13 7.304830472703590874e-13
7.991144550872232287e-13 7.469300459944396371e-13
8.058611447728348941e-13 7.570608453280111920e-13
8.126647947867502672e-13 7.597866095299273324e-13
8.195258860283694462e-13 7.671553443288806954e-13
8.264449034571755832e-13 7.681099455776207409e-13
8.334223361270364239e-13 7.887295155397942735e-13
8.404586772207448544e-13 7.914486744489261242e-13
8.475544240849057880e-13 8.075125670208254058e-13
8.547100782650621602e-13 8.116353706477870047e-13
8.619261455411730201e-13 8.146278697225842774e-13
8.692031359633359796e-13 8.218932504535812403e-13
8.765415638878665048e-13 8.471462074686123448e-13
8.839419480136257059e-13 8.865617933518697885e-13
8.914048114187120374e-13 8.841678096599406035e-13
8.989306815974049289e-13 8.729742994628881855e-13
9.065200904974780829e-13 8.787747997967876585e-13
9.141735745577701554e-13 8.946358915934827546e-13
9.218916747461312627e-13 9.319049254769242634e-13
9.296749365976293954e-13 9.408405358528862635e-13
9.375239102531408379e-13 9.487064614998361316e-13
9.454391504982054428e-13 9.816528422080204177e-13
9.534212168022702520e-13 1.012029091609170305e-12
9.614706733582039307e-13 1.046195472096858924e-12
9.695880891222062126e-13 1.053648221117696906e-12
9.777740378539917928e-13 1.063371977134017000e-12
9.860290981573726649e-13 1.096955474008462897e-12
9.943538535211441884e-13 1.115624162318503150e-12
1.002748892360314065e-12 1.119745206224376191e-12
1.011214808057722891e-12 1.117213941257936749e-12
1.019752199005952288e-12 1.101654607781013055e-12
1.028361668649653890e-12 1.107516288011521532e-12
1.037043825528169946e-12 1.115909663523765502e-12
1.045799283318578617e-12 1.133052738075199172e-12
1.054628660879037561e-12 1.161420387271034886e-12
1.063532582292560277e-12 1.230813697769972564e-12
1.072511676911092762e-12 1.244224799024008331e-12
1.081566579400033431e-12 1.256745409423192103e-12
1.090697929783057186e-12 1.280972330548969556e-12
1.099906373487389616e-12 1.324655303061506160e-12
1.109192561389391794e-12 1.298816721236950861e-12
1.118557149860601288e-12 1.351668638083613945e-12
1.128000800814090820e-12 1.374813048325718201e-12
1.137524181751290004e-12 1.376735356968592754e-12
1.147127965809128786e-12 1.387260074865161614e-12
1.156812831807655052e-12 1.404047453464487468e-12
1.166579464297975972e-12 1.412736241144223903e-12
1.176428553610683196e-12 1.439605353821755480e-12
1.186360795904608454e-12 1.429210700340583061e-12
1.196376893216063014e-12 1.462873354588376231e-12
1.206477553508446304e-12 1.491509337923542317e-12
1.216663490722275191e-12 1.509356815406755809e-12
1.226935424825657554e-12 1.550246643122286504e-12
1.237294081865191958e-12 1.606038742294702912e-12
1.247740194017275671e-12 1.612132989769663872e-12
1.258274499639842029e-12 1.640099829935418915e-12
1.268897743324585500e-12 1.679486818898092923e-12
1.279610675949549244e-12 1.677256250767535478e-12
1.290414054732240979e-12 1.679121414065972075e-12
1.301308643283114160e-12 1.752062876046136040e-12
1.312295211659582110e-12 1.786383427395763921e-12
1.323374536420407565e-12 1.802859900556581276e-12
1.334547400680632437e-12 1.836120169188576525e-12
1.345814594166888653e-12 1.858749789157918556e-12
1.357176913273261113e-12 1.948308576800597903e-12
1.368635161117534766e-12 1.907655419003590991e-12
1.380190147598005517e-12 1.895151747793562620e-12
1.391842689450681707e-12 1.910002653360148260e-12
1.403593610307057101e-12 2.021714044387703733e-12
1.415443740752282935e-12 2.043781839849335770e-12
1.427393918383920759e-12 2.047794958298173044e-12
1.439444987871100188e-12 2.053328312777521046e-12
1.451597801014263115e-12 2.046322361325918760e-12
1.463853216805353217e-12 2.072123086431277019e-12
1.476212101488520628e-12 2.165011094896095399e-12
1.488675328621360574e-12 2.195624656464888387e-12
1.501243779136672820e-12 2.207075263318061041e-12
1.513918341404714286e-12 2.256730545085699112e-12
1.526699911295974497e-12 2.253984652558622220e-12
1.539589392244539726e-12 2.310868286981963246e-12
1.552587695311901610e-12 2.326565597851641238e-12
1.565695739251402523e-12 2.384527913301355195e-12
1.578914450573125020e-12 2.389155473465704468e-12
1.592244763609431573e-12 2.384877177612067361e-12
1.605687620580953215e-12 2.465694150893947316e-12
1.619243971663240598e-12 2.450302176123654800e-12
1.632914775053872446e-12 2.495781717820633175e-12
1.646700997040235902e-12 2.505198892503968564e-12
1.660603612067773369e-12 2.517726621803718463e-12
1.674623602808911536e-12 2.550684802740012491e-12
1.688761960232467000e-12 2.545458106305590594e-12
1.703019683673742759e-12 2.548070114373830791e-12
1.717397780905110178e-12 2.647836561470885727e-12
1.731897268207296373e-12 2.581349883499803871e-12
1.746519170441160906e-12 2.593855256904849875e-12
1.761264521120192435e-12 2.590276123997079383e-12
1.776134362483502957e-12 2.658624638955804038e-12
1.791129745569554117e-12 2.649737153859143644e-12
1.806251730290387986e-12 2.690924516629570959e-12
1.821501385506596361e-12 2.670285973294180733e-12
1.836879789102849060e-12 2.654177176453481030e-12
1.852388028064065626e-12 2.718125749712889791e-12
1.868027198552260724e-12 2.852761057503133046e-12
1.883798405984041036e-12 2.888873782649394464e-12
1.899702765108721718e-12 2.841746489841172837e-12
1.915741400087096781e-12 2.690883087907550541e-12
1.931915444570953036e-12 2.753888895395839871e-12
1.948226041783136167e-12 2.764257478715922234e-12
1.964674344598419355e-12 2.777679562602618141e-12
1.981261515624929265e-12 2.779439511021853530e-12
1.997988727286385094e-12 2.774916180651710190e-12
2.014857161904903061e-12 2.631066627652175795e-12
2.031868011784633333e-12 2.581349883499803871e-12
2.049022479295968471e-12 2.662162463250427547e-12
2.066321776960594392e-12 2.767568729119990500e-12
2.083767127537131436e-12 2.584916682509738476e-12
2.101359764107626034e-12 2.564976347729273457e-12
2.119100930164642162e-12 2.559006509722689823e-12
2.136991879699222387e-12 2.562958072222168283e-12
2.155033877289453548e-12 2.459007817532503828e-12
2.173228198189921814e-12 2.460545287704521373e-12
2.191576128421778433e-12 2.368004715537126401e-12
2.210078964863702544e-12 2.306044346536185046e-12
2.228738015343540506e-12 2.278790173592064206e-12
2.247554598730728792e-12 2.273898777046198796e-12
2.266530045029532753e-12 2.245567535532027347e-12
2.285665695473073794e-12 2.219127512653060154e-12
2.304962902618111824e-12 2.198078607553332979e-12
2.324423030440619763e-12 2.187675343686580291e-12
2.344047454432259536e-12 2.188366029950436477e-12
2.363837561697527732e-12 2.041865302246411887e-12
2.383794751051877884e-12 1.964671097911732235e-12
2.403920433120514431e-12 1.906055013625347727e-12
2.424216030438176629e-12 1.908656980456444342e-12
2.444682977549609493e-12 1.942989260119089412e-12
2.465322721111040035e-12 1.903456593912185462e-12
2.486136719992349823e-12 1.872051561827981162e-12
2.507126445380273839e-12 1.874377612335105272e-12
2.528293380882304139e-12 1.863434978734681198e-12
2.549639022631639605e-12 1.849137695439647684e-12
2.571164879392852209e-12 1.824834098944804663e-12
2.592872472668613913e-12 1.818525046015975352e-12
2.614763336807156635e-12 1.812592330069223694e-12
2.636839019110808206e-12 1.817864897596622178e-12
2.659101079945274718e-12 1.783322663762344501e-12
2.681551092850006536e-12 1.775801243019470350e-12
2.704190644649386634e-12 1.758374396085427956e-12
2.727021335564871734e-12 1.760853435771657485e-12
2.750044779328118948e-12 1.815885889845762542e-12
2.773262603295072885e-12 1.778304851901679523e-12
2.796676448560968393e-12 1.780811990490518931e-12
2.820287970076293771e-12 1.749750660464597571e-12
2.844098836763846114e-12 1.758478360040800984e-12
2.868110731636602935e-12 1.762785972945499143e-12
2.892325351916775992e-12 1.792841428427473231e-12
2.916744409155679776e-12 1.823720356396149881e-12
2.941369629354803611e-12 1.831398794104016704e-12
2.966202753087715780e-12 1.823720356396149881e-12
2.991245535623185403e-12 1.789821942202258087e-12
3.016499747049154917e-12 1.892557464211795262e-12
3.041967172397949698e-12 1.898203210561105574e-12
3.067649611772352821e-12 1.867814060154130139e-12
3.093548880472937567e-12 1.847993841643194893e-12
3.119666809126279604e-12 1.898215122194015931e-12
3.146005243814450337e-12 1.992111645338063204e-12
3.172566046205400042e-12 2.080022209807620731e-12
3.199351093684650429e-12 2.109481039668142781e-12
3.226362279487886283e-12 2.150021910631305347e-12
3.253601512834869061e-12 2.151473848773828860e-12
3.281070719064342450e-12 2.155046862223649779e-12
3.308771839770097526e-12 2.175291457074019662e-12
3.336706832938232630e-12 2.240690559355959334e-12
3.364877673085577277e-12 2.183533127379145393e-12
3.393286351399229610e-12 2.293207249523332838e-12
3.421934875877257480e-12 2.438985982237396564e-12
3.450825271470724307e-12 2.499000416097881033e-12
3.479959580226706504e-12 2.558164033528910236e-12
3.509339861432744745e-12 2.572088539084909318e-12
3.538968191762284768e-12 2.734282792545066979e-12
3.568846665421575445e-12 2.667082945238287212e-12
3.598977394297580629e-12 2.782559313476604466e-12
3.629362508107364827e-12 2.823570299965381224e-12
3.660004154548513644e-12 2.854286092630116110e-12
3.690904499451053509e-12 2.847125291339263001e-12
3.722065726930421918e-12 2.856389781093952644e-12
3.753490039541963616e-12 2.861308051220488573e-12
3.785179658436493456e-12 2.865532789394724848e-12
3.817136823517414678e-12 2.877788381262247033e-12
3.849363793598919618e-12 2.965476302886019714e-12
3.881862846565767240e-12 2.968257688959722551e-12
3.914636279534172998e-12 2.945455658897934760e-12
3.947686409014291659e-12 2.986936131894542306e-12
3.981015571073835897e-12 2.990273980652539335e-12
4.014626121503316926e-12 2.995551760548156982e-12
4.048520435982433011e-12 3.026153311672503822e-12
4.082700910248099417e-12 3.123507628643410438e-12
4.117169960263739321e-12 3.271161194448354149e-12
4.151930022390012598e-12 3.274955937301237232e-12
4.186983553557063261e-12 3.295294706984389242e-12
4.222333031438208809e-12 3.312593296480937809e-12
4.257980954625039981e-12 3.610814122294707420e-12
4.293929842803972932e-12 3.354645441344767234e-12
4.330182236934471107e-12 3.473096735811000939e-12
4.366740699428503046e-12 3.744824651508588868e-12
4.403607814331803991e-12 3.781771051004615853e-12
4.440786187506380684e-12 3.925489006939336799e-12
4.478278446814843401e-12 4.164361778472015550e-12
4.516087242306003790e-12 4.337692176856349514e-12
4.554215246402335486e-12 4.351386586854686990e-12
4.592665154088719119e-12 4.057162727713766745e-12
4.631439683103078363e-12 3.979093151200853358e-12
4.670541574128331075e-12 3.986810408415075869e-12
4.709973590986251671e-12 3.783038001496094735e-12
4.749738520832680908e-12 3.872606988090024410e-12
4.789839174354675170e-12 4.385863733127391804e-12
4.830278385969024164e-12 3.865110794101566028e-12
4.871059014022748512e-12 3.917890449382095110e-12
4.912183940994975441e-12 3.846552118302100494e-12
4.953656073700822652e-12 3.986810408415075869e-12
4.995478343496798408e-12 4.417066069177370287e-12
5.037653706487953736e-12 4.738652105864906240e-12
5.080185143736872354e-12 4.923117378226448502e-12
5.123075661474417550e-12 5.434974655534868308e-12
5.166328291312181892e-12 6.001014251075697620e-12
5.209946090456705999e-12 6.045792221896562434e-12
5.253932141925713577e-12 6.159204388419554591e-12
5.298289554765861863e-12 6.345105590495871361e-12
5.343021464272665847e-12 6.481991875716711007e-12
5.388131032211936304e-12 7.083921944924145400e-12
5.433621447043436825e-12 7.861413412584187108e-12
5.479495924146075662e-12 8.557589276677558710e-12
5.525757706045354550e-12 8.520909443911296354e-12
5.572410062642378178e-12 8.579050095887520062e-12
5.619456291445163459e-12 8.662984092127256269e-12
5.666899717801530451e-12 8.821333987503293996e-12
5.714743695134331036e-12 8.695605291668907537e-12
5.762991605178292381e-12 8.524638286451869405e-12
5.811646858219232880e-12 9.111392711012013921e-12
5.860712893334923585e-12 9.094155562346395184e-12
5.910193178638356850e-12 8.915227878946450182e-12
5.960091211522695189e-12 8.676017860928834242e-12
6.010410518908639479e-12 8.598108365148391061e-12
6.061154657493651853e-12 8.761936187088564022e-12
6.112327214003302287e-12 9.016991048103268123e-12
6.163931805444836611e-12 8.982906205161408272e-12
6.215972079362881952e-12 9.016991048103268123e-12
6.268451714097221737e-12 8.071537600050412765e-12
6.321374419042708926e-12 8.029743653603233645e-12
6.374743934911634943e-12 7.387258731630193336e-12
6.428564033997929062e-12 6.481991875716711007e-12
6.482838520443998468e-12 6.472711306633376342e-12
6.537571230509406866e-12 5.797131763308774395e-12
6.592766032842243030e-12 5.481326321961614481e-12
6.648426828752352136e-12 5.511670658014592993e-12
6.704557552487306312e-12 5.181965132707882604e-12
6.761162171510271089e-12 5.105797411824639377e-12
6.818244686780652271e-12 5.095008087961881643e-12
6.875809133036675857e-12 5.041539012530673314e-12
6.933859579080794435e-12 4.915704394317153941e-12
6.992400128067057317e-12 4.452323735383129997e-12
7.051434917791357231e-12 4.673379097270003389e-12
7.110968120983674689e-12 4.311264729907861140e-12
7.171003945603241711e-12 4.120131703986461562e-12
7.231546635135746856e-12 4.104232623322649447e-12
7.292600468893470917e-12 4.114419464796456787e-12
7.354169762317684444e-12 4.016463777045800409e-12
7.416258867283598706e-12 3.910126947769541281e-12
7.478872172408041326e-12 3.930571863945950229e-12
7.542014103359705568e-12 3.730028219326531954e-12
7.605689123171911840e-12 3.666360713953150498e-12
7.669901732557975157e-12 3.595246682106953012e-12
7.734656470229542039e-12 3.506929426499230078e-12
7.799957913217144006e-12 3.471925491983117729e-12
7.865810677193975779e-12 3.477501440004562841e-12
7.932219416801880371e-12 3.285082026700779397e-12
7.999188825980607364e-12 2.679277132630924748e-12
8.066723638299342696e-12 2.831127307172194639e-12
8.134828627291540709e-12 2.559403362122279062e-12
8.203508606792069724e-12 2.430358833519264682e-12
8.272768431277732565e-12 2.126538432023748347e-12
8.342612996210128082e-12 1.445579615797997945e-12
8.413047238381940942e-12 9.340895038515034092e-13
8.484076136265611181e-12 2.315222399827639649e-13
8.555704710365509583e-12 7.264184519492222474e-14
8.627938023572517049e-12 9.791219486264765257e-14
8.700781181522161490e-12 5.258143346932354618e-14
8.774239332955216878e-12 1.386050668020727703e-14
8.848317670081911512e-12 3.653295141732010095e-15
8.923021428948645300e-12 2.166817874611234715e-15
8.998355889808371181e-12 1.343290042222659949e-15
9.074326377493525956e-12 7.448506594308249685e-16
9.150938261792664033e-12 1.205681912466421496e-16
9.228196957829887765e-12 5.912005140424704799e-17
9.306107926447542878e-12 4.564643787089192809e-17
9.384676674592263019e-12 2.373264139164940628e-17
9.463908755704300406e-12 1.634201014219259986e-17
9.543809770109981025e-12 1.465007669684086122e-17
9.624385365417429768e-12 9.629708364961853634e-18
9.705641236916035669e-12 8.967944524101186415e-18
9.787583127978689472e-12 4.803308765704083278e-18
9.870216830468061796e-12 3.767774008442617123e-18
9.953548185145660098e-12 3.292901606810255540e-18
1.003758308208500378e-11 2.568227881240487189e-18
1.012232746108761040e-11 2.249621315377298939e-18
1.020778731210317437e-11 1.686180358435299840e-18
1.029396867565261486e-11 1.692107715450905762e-18
1.038087764325537118e-11 1.647864119397159618e-18
1.046852035785963037e-11 1.623139309546228424e-18
1.055690301427686847e-11 1.371777389033763052e-18
1.064603185961936926e-11 1.296193327431934940e-18
1.073591319374212933e-11 1.177327393965985907e-18
1.082655336968781024e-11 1.154754199407357450e-18
1.091795879413612691e-11 1.057429639531277819e-18
1.101013592785634295e-11 1.055844556338222787e-18
1.110309128616423784e-11 1.057112432638801960e-18
1.119683143938250241e-11 1.054503979582490223e-18
1.129136301330504726e-11 1.032253207539963707e-18
1.138669268966542289e-11 1.045600124440786002e-18
1.148282720660919476e-11 9.753561504399559474e-19
1.157977335917012463e-11 9.097468159698965863e-19
1.167753799975031181e-11 8.987262107718538292e-19
1.177612803860487571e-11 9.017360517478942353e-19
1.187555044433000535e-11 8.955292141200899408e-19
1.197581224435590730e-11 8.372323725505848178e-19
1.207692052544312536e-11 7.315554339353974861e-19
1.217888243418385241e-11 7.274823109512996880e-19
1.228170517750666888e-11 7.118490471993456200e-19
1.238539602318634617e-11 6.900916736661410292e-19
1.248996230035715254e-11 6.838530250891949307e-19
1.259541140003129346e-11 6.791940115603568939e-19
1.270175077562092882e-11 6.370112051387224070e-19
1.280898794346540358e-11 6.143991926868090747e-19
1.291713048336210713e-11 5.936953099055881919e-19
1.302618603910265596e-11 5.906638154987264737e-19
1.313616231901274855e-11 6.005862564346078028e-19
1.324706709649743896e-11 5.951708021589501945e-19
1.335890821059015048e-11 5.967492905635665202e-19
1.347169356650713871e-11 6.002977729252987495e-19
1.358543113620608561e-11 5.966724613075684207e-19
1.370012895894947577e-11 5.985697794934017704e-19
1.381579514187292926e-11 5.875388263144310388e-19
1.393243786055835864e-11 5.805010102646941188e-19
1.405006535961172065e-11 5.691484989617161751e-19
1.416868595324566161e-11 5.699765173347683641e-19
1.428830802586728736e-11 5.635218559281870787e-19
1.440894003267091738e-11 5.358322754027122682e-19
1.453059050023561124e-11 5.332776022549526587e-19
1.465326802712766151e-11 5.279386519271196152e-19
1.477698128450877338e-11 5.054049854349633470e-19
1.490173901674850798e-11 4.692402249336386774e-19
1.502755004204281467e-11 4.865691575132232879e-19
1.515442325303684804e-11 4.906218237311956275e-19
1.528236761745401930e-11 5.037440838117046555e-19
1.541139217872934851e-11 5.038316175889507338e-19
1.554150605664919182e-11 5.073680888347250057e-19
1.567271844799533728e-11 4.924669622436572294e-19
1.580503862719557270e-11 5.063855858411488571e-19
1.593847594697870286e-11 4.931606768056873771e-19
1.607303983903615179e-11 4.872510977849825494e-19
1.620873981468809199e-11 4.661750895530665713e-19
1.634558546555619430e-11 4.501548151389844451e-19
1.648358646424138283e-11 4.503492189514485374e-19
1.662275256500738991e-11 4.392839496189838819e-19
1.676309360447034038e-11 4.334037624369243438e-19
1.690461950229417779e-11 4.276297159677034520e-19
1.704734026189165479e-11 4.164210156959102618e-19
1.719126597113129143e-11 4.080314344640382107e-19
1.733640680305051791e-11 3.870944440882825091e-19
1.748277301657489199e-11 3.926642614553200502e-19
1.763037495724307754e-11 3.851106678979998190e-19
1.777922305793788485e-11 4.023708613587026627e-19
1.792932783962418998e-11 3.956233156134430075e-19
1.808069991209200795e-11 3.869701592422881010e-19
1.823334997470700079e-11 3.842480471881736501e-19
1.838728881716615554e-11 3.859773159525091270e-19
1.854252732026100697e-11 4.174356425619322487e-19
1.869907645664613682e-11 4.136060307576487699e-19
1.885694729161534390e-11 4.072284411012810159e-19
1.901615098388315204e-11 3.854818499624347569e-19
1.917669878637417303e-11 3.800132809733820208e-19
1.933860204701784626e-11 3.794507678459402996e-19
1.950187220955118194e-11 3.688508329895225405e-19
1.966652081432699737e-11 3.680887447312803411e-19
1.983255949913016968e-11 3.639946486159731346e-19
2.000000000000000202e-11 3.633687411975985018e-19
