11.0	0.062071843400399396
11.183673469387754	0.10130381674802787
11.367346938775508	0.12147494734539306
11.551020408163266	0.12639608642739064
11.73469387755102	0.12501112289348998
11.918367346938775	0.12251633881060561
12.102040816326529	0.12148478796218527
12.285714285714285	0.12186391035309765
12.46938775510204	0.12259494045582375
12.653061224489797	0.12366131396248156
12.836734693877553	0.12523331814543184
13.020408163265305	0.12638857210112628
13.204081632653061	0.12729932542887354
13.387755102040817	0.12863344302226823
13.571428571428571	0.12892695348871563
13.755102040816327	0.12746003985844742
13.938775510204081	0.12629645051687632
14.122448979591837	0.12697118854155554
14.306122448979593	0.12776022136858
14.489795918367346	0.12784082828240095
14.673469387755102	0.12869931002397214
14.857142857142858	0.12904643772981372
15.04081632653061	0.12668949092579918
15.224489795918366	0.12260797633305265
15.408163265306122	0.11766832310975683
15.591836734693878	0.1119374995981677
15.775510204081634	0.10603653292440074
15.959183673469386	0.10083303865299045
16.142857142857142	0.09750240865708476
16.3265306122449	0.09618299521689726
16.510204081632654	0.09670645522081286
16.693877551020407	0.09834431688789919
16.877551020408163	0.09885904683425698
17.06122448979592	0.09734959990806741
17.244897959183675	0.0954861883664854
17.42857142857143	0.09409461936318111
17.612244897959183	0.09321890496130439
17.795918367346935	0.09314696329219017
17.979591836734695	0.09358466214470383
18.16326530612245	0.09475826569486323
18.346938775510203	0.09620679774908975
18.53061224489796	0.09636064115642581
18.714285714285715	0.09559638639719668
18.897959183673468	0.09482365781770365
19.081632653061224	0.0940220304311325
19.26530612244898	0.09389428274439765
19.448979591836736	0.09391531411453297
19.63265306122449	0.0910691241357013
19.816326530612244	0.07705859475076139
20.0	0.04724214556811384
