11.0	0.08727408381281819
11.183673469387754	0.14752900236159638
11.367346938775508	0.16860838938699424
11.551020408163266	0.17370459922523135
11.73469387755102	0.17405625459818802
11.918367346938775	0.17440406276884032
12.102040816326529	0.17387164824894535
12.285714285714285	0.17099296024883293
12.46938775510204	0.17107363960054162
12.653061224489797	0.17357555902633526
12.836734693877553	0.17324263633417586
13.020408163265305	0.17253644786698893
13.204081632653061	0.17260349218359472
13.387755102040817	0.17255522817521562
13.571428571428571	0.1723437627810757
13.755102040816327	0.17109294118248103
13.938775510204081	0.17379722195168013
14.122448979591837	0.17552763059314003
14.306122448979593	0.1725964199012477
14.489795918367346	0.17267124918983445
14.673469387755102	0.17337606117609033
14.857142857142858	0.1725027747828231
15.04081632653061	0.17473525139426027
15.224489795918366	0.17599473864674353
15.408163265306122	0.16946950163060842
15.591836734693878	0.15749609922900404
15.775510204081634	0.13879736731998238
15.959183673469386	0.1123338535652338
16.142857142857142	0.08204794409749724
16.3265306122449	0.057256722795511555
16.510204081632654	0.043136345240555325
16.693877551020407	0.037585402046472656
16.877551020408163	0.03501712909112431
17.06122448979592	0.03324428735900456
17.244897959183675	0.033470733324818716
17.42857142857143	0.03421879566889785
17.612244897959183	0.03412541784924451
17.795918367346935	0.03286158884489633
17.979591836734695	0.03163079209273245
18.16326530612245	0.032072447744381574
18.346938775510203	0.03323833973512197
18.53061224489796	0.033412355378345096
18.714285714285715	0.03264719654587249
18.897959183673468	0.032317119326077746
19.081632653061224	0.0324099054525492
19.26530612244898	0.03246393485928463
19.448979591836736	0.032771638047605876
19.63265306122449	0.03227641551071095
19.816326530612244	0.02825254406429766
20.0	0.016734214337751466
