11.0	0.09479298505656694
11.183673469387754	0.17373736247952967
11.367346938775508	0.18851209488705245
11.551020408163266	0.18997746134105467
11.73469387755102	0.19193533215840441
11.918367346938775	0.19270827358258077
12.102040816326529	0.1918516809036079
12.285714285714285	0.19178045904439908
12.46938775510204	0.19216350640227198
12.653061224489797	0.19105096770741947
12.836734693877553	0.1890330147605096
13.020408163265305	0.18775315821644584
13.204081632653061	0.18896577748762708
13.387755102040817	0.18750954050791652
13.571428571428571	0.1823627446859349
13.755102040816327	0.18322392559572473
13.938775510204081	0.1837339933856411
14.122448979591837	0.18609815633567378
14.306122448979593	0.1902040811437914
14.489795918367346	0.19384455346367327
14.673469387755102	0.18947105288090693
14.857142857142858	0.17974280671860968
15.04081632653061	0.17859451345741825
15.224489795918366	0.17747082454930707
15.408163265306122	0.17503799300702388
15.591836734693878	0.1708485154791054
15.775510204081634	0.16394502959742663
15.959183673469386	0.14441840920154508
16.142857142857142	0.11453936776781344
16.3265306122449	0.07536468009270597
16.510204081632654	0.04047753460272133
16.693877551020407	0.02154999508878757
16.877551020408163	0.011678087192882311
17.06122448979592	0.007731036130738077
17.244897959183675	0.006974508404697134
17.42857142857143	0.006959361339126069
17.612244897959183	0.006615487910272313
17.795918367346935	0.006602460200420591
17.979591836734695	0.006924062453919232
18.16326530612245	0.006948887938863323
18.346938775510203	0.006791223498170053
18.53061224489796	0.007129317896102156
18.714285714285715	0.006922166511183213
18.897959183673468	0.006780905201174954
19.081632653061224	0.007157813952442261
19.26530612244898	0.006964966645161633
19.448979591836736	0.00651515378085735
19.63265306122449	0.00646192889328886
19.816326530612244	0.00580968772816661
20.0	0.0032191109232528395
