11.0	0.055970645903527044
11.183673469387754	0.08967351615063086
11.367346938775508	0.1049506045350312
11.551020408163266	0.10749089888589684
11.73469387755102	0.1072676241414319
11.918367346938775	0.1073397595526878
12.102040816326529	0.10798713213904415
12.285714285714285	0.1095013578102535
12.46938775510204	0.1120828351264068
12.653061224489797	0.11437122293368149
12.836734693877553	0.1142000645327216
13.020408163265305	0.11306362241246001
13.204081632653061	0.11290766942803034
13.387755102040817	0.11293548950692206
13.571428571428571	0.11264703957843125
13.755102040816327	0.11191809794357431
13.938775510204081	0.1102634087541492
14.122448979591837	0.10846816337977136
14.306122448979593	0.10776057812098623
14.489795918367346	0.10872312673668684
14.673469387755102	0.11056062634239429
14.857142857142858	0.11117780297576275
15.04081632653061	0.1107919710974928
15.224489795918366	0.11157529596705429
15.408163265306122	0.1134387913795345
15.591836734693878	0.11408599728085746
15.775510204081634	0.1130774905396425
15.959183673469386	0.11231971824803888
16.142857142857142	0.1127454150053804
16.3265306122449	0.11326862534912031
16.510204081632654	0.11288740132354277
16.693877551020407	0.11242858111388078
16.877551020408163	0.11287804766611031
17.06122448979592	0.11329884971888124
17.244897959183675	0.11255070436593306
17.42857142857143	0.11132822814181335
17.612244897959183	0.11120594447979695
17.795918367346935	0.11187109593366701
17.979591836734695	0.1119910913672088
18.16326530612245	0.1111093964905902
18.346938775510203	0.10993406419735119
18.53061224489796	0.1092053512760432
18.714285714285715	0.10847222199949424
18.897959183673468	0.10840187936965684
19.081632653061224	0.10977842116006697
19.26530612244898	0.11040449533366287
19.448979591836736	0.10970400994542936
19.63265306122449	0.10625429824112614
19.816326530612244	0.09008225148174936
20.0	0.05563633277432827
