11.0	0.05504987964521187
11.183673469387754	0.08934916343878581
11.367346938775508	0.10652529817484989
11.551020408163266	0.11077509015110718
11.73469387755102	0.11198976555159906
11.918367346938775	0.1140259508148133
12.102040816326529	0.11588019970120202
12.285714285714285	0.11578882453774479
12.46938775510204	0.11354159633563327
12.653061224489797	0.11054128678725662
12.836734693877553	0.10908847952304437
13.020408163265305	0.11092603392493698
13.204081632653061	0.11404065880746914
13.387755102040817	0.11502358932478017
13.571428571428571	0.11432412241835838
13.755102040816327	0.11322083121341593
13.938775510204081	0.11262907486644091
14.122448979591837	0.11373097583475053
14.306122448979593	0.11496871560855393
14.489795918367346	0.11452017393628894
14.673469387755102	0.11412664766757911
14.857142857142858	0.11509535631122511
15.04081632653061	0.115287912270211
15.224489795918366	0.11345426790194717
15.408163265306122	0.11094550845087285
15.591836734693878	0.10935126754525391
15.775510204081634	0.1088649690865655
15.959183673469386	0.10901538158372978
16.142857142857142	0.1090897780605718
16.3265306122449	0.10928352606153889
16.510204081632654	0.11111899287463192
16.693877551020407	0.11292905518584195
16.877551020408163	0.11259646626330747
17.06122448979592	0.11098415856172945
17.244897959183675	0.10976269901131061
17.42857142857143	0.1101625315754207
17.612244897959183	0.11069415132873718
17.795918367346935	0.10989067617452927
17.979591836734695	0.10827017932458419
18.16326530612245	0.10686531469204195
18.346938775510203	0.10615899745941376
18.53061224489796	0.1068755818218581
18.714285714285715	0.10823412429560846
18.897959183673468	0.10819909863091719
19.081632653061224	0.10782967934400824
19.26530612244898	0.10840783454165934
19.448979591836736	0.10822964165799065
19.63265306122449	0.1040036220006878
19.816326530612244	0.08752891492150126
20.0	0.05404129646329849
