11.0	0.17507758663072132
11.183673469387754	0.334743143453836
11.367346938775508	0.3335154175664662
11.551020408163266	0.35000572795313445
11.73469387755102	0.3598262907118299
11.918367346938775	0.35543854572980704
12.102040816326529	0.3476574579878682
12.285714285714285	0.3502989548758194
12.46938775510204	0.36408806973450997
12.653061224489797	0.33651648219607627
12.836734693877553	0.332929907371316
13.020408163265305	0.3434605755813912
13.204081632653061	0.33301237395023364
13.387755102040817	0.31912002666256145
13.571428571428571	0.2794776567086125
13.755102040816327	0.2321314899018817
13.938775510204081	0.14304956580233164
14.122448979591837	0.053894418985801835
14.306122448979593	0.015553216035029552
14.489795918367346	0.004492067751671071
14.673469387755102	0.0020991172304887086
14.857142857142858	0.002360869139201149
15.04081632653061	0.0021677060409174558
15.224489795918366	0.0024074240227391474
15.408163265306122	0.0027264919259461892
15.591836734693878	0.0026218585774882243
15.775510204081634	0.0030004678656233214
15.959183673469386	0.0023837889434559075
16.142857142857142	0.0022797357176845504
16.3265306122449	0.0030189100344579496
16.510204081632654	0.003124655809249556
16.693877551020407	0.0019993421104519743
16.877551020408163	0.002148569739411872
17.06122448979592	0.0025393163005955873
17.244897959183675	0.0028977109117987983
17.42857142857143	0.00210383234922856
17.612244897959183	0.002397859355778133
17.795918367346935	0.0028153012395093027
17.979591836734695	0.0024381816538695863
18.16326530612245	0.0028577251497875654
18.346938775510203	0.002511329470408094
18.53061224489796	0.0019950575267724735
18.714285714285715	0.0026161876991496026
18.897959183673468	0.0024286193692981744
19.081632653061224	0.002893615007022878
19.26530612244898	0.002250501866887995
19.448979591836736	0.002762481099789773
19.63265306122449	0.002848862190454411
19.816326530612244	0.0028813523276030014
20.0	0.0015049799197843594
