11.0	0.07804731051334633
11.183673469387754	0.12760248465669088
11.367346938775508	0.1472950025383401
11.551020408163266	0.15252390072015737
11.73469387755102	0.1563392278239507
11.918367346938775	0.15823845877392767
12.102040816326529	0.15728694214055994
12.285714285714285	0.1564649611494359
12.46938775510204	0.1569287844040507
12.653061224489797	0.1572703202151832
12.836734693877553	0.15787569603910623
13.020408163265305	0.15818031803776048
13.204081632653061	0.15722752319966676
13.387755102040817	0.15608246136587703
13.571428571428571	0.15467882793965942
13.755102040816327	0.15215943690495096
13.938775510204081	0.15172574254253743
14.122448979591837	0.154375959182523
14.306122448979593	0.15666935124793988
14.489795918367346	0.15898112735276262
14.673469387755102	0.15999735794282927
14.857142857142858	0.15826300686381156
15.04081632653061	0.15583910167849457
15.224489795918366	0.15375990844797244
15.408163265306122	0.1474832984314819
15.591836734693878	0.1349779889875919
15.775510204081634	0.11713901446953476
15.959183673469386	0.09712097701613744
16.142857142857142	0.0804147356883215
16.3265306122449	0.06905897449566276
16.510204081632654	0.06219427929617127
16.693877551020407	0.059387879398242846
16.877551020408163	0.05872893993083255
17.06122448979592	0.057899230187597475
17.244897959183675	0.05749470478768884
17.42857142857143	0.05761714025007249
17.612244897959183	0.057559021826124546
17.795918367346935	0.057787960653862776
17.979591836734695	0.05774661337846928
18.16326530612245	0.057186795452950454
18.346938775510203	0.057418415988831975
18.53061224489796	0.05793543917582225
18.714285714285715	0.058274255274097755
18.897959183673468	0.05805194579102683
19.081632653061224	0.0573387734788056
19.26530612244898	0.05701208998789127
19.448979591836736	0.05702797332955942
19.63265306122449	0.05642878812258516
19.816326530612244	0.04908507710200318
20.0	0.02965478214356395
