11.0	0.1695325671010054
11.183673469387754	0.336889982853401
11.367346938775508	0.3440167810293493
11.551020408163266	0.32625411045760055
11.73469387755102	0.3263675226510381
11.918367346938775	0.3278200577042243
12.102040816326529	0.335809951808121
12.285714285714285	0.33003585994829576
12.46938775510204	0.32350754483671584
12.653061224489797	0.3179574528183382
12.836734693877553	0.3324550423750076
13.020408163265305	0.32942770235762187
13.204081632653061	0.3206601532783827
13.387755102040817	0.3236189924614251
13.571428571428571	0.30712651979237154
13.755102040816327	0.28729076815663235
13.938775510204081	0.20348670330994773
14.122448979591837	0.12376799056186416
14.306122448979593	0.04758369658798873
14.489795918367346	0.01254792754140708
14.673469387755102	0.0024129780591568718
14.857142857142858	0.0006566466302051321
15.04081632653061	0.0004169121657087996
15.224489795918366	0.00042561572921200335
15.408163265306122	0.0003044261939309402
15.591836734693878	0.0007125065577276381
15.775510204081634	0.0007827167547437843
15.959183673469386	0.0005669769718581755
16.142857142857142	0.0001605324697947603
16.3265306122449	0.00021642530784604457
16.510204081632654	0.0006385924908169467
16.693877551020407	0.000569217623262133
16.877551020408163	0.0006303553556207174
17.06122448979592	0.0005203550025363881
17.244897959183675	0.0004914855473497515
17.42857142857143	0.0004494903338263601
17.612244897959183	0.0006738049754778516
17.795918367346935	0.0005348644207729054
17.979591836734695	0.0006433238902701819
18.16326530612245	0.0005316371928383586
18.346938775510203	0.0006116056008243784
18.53061224489796	0.00030851412542905535
18.714285714285715	0.0004143108356227988
18.897959183673468	0.0007423636593843082
19.081632653061224	0.0007539176482452802
19.26530612244898	0.00035434307977931517
19.448979591836736	0.0005524732953027158
19.63265306122449	0.0006951190502923091
19.816326530612244	0.00035775531363057585
20.0	0.00014060373610460755
