11.0	0.1863124342133874
11.183673469387754	0.34843942915901605
11.367346938775508	0.3579874627804531
11.551020408163266	0.3670944285957312
11.73469387755102	0.3617948294237639
11.918367346938775	0.36950620921069244
12.102040816326529	0.3606082693053554
12.285714285714285	0.37108218869701026
12.46938775510204	0.3596570968566256
12.653061224489797	0.3433368458980892
12.836734693877553	0.3409911131478573
13.020408163265305	0.3418692332507165
13.204081632653061	0.3037007155827466
13.387755102040817	0.25621260050906713
13.571428571428571	0.16180250939608926
13.755102040816327	0.07869791853803376
13.938775510204081	0.032954132819534666
14.122448979591837	0.01953032688219814
14.306122448979593	0.017293850677244444
14.489795918367346	0.018945026674856306
14.673469387755102	0.018395803277915786
14.857142857142858	0.016510054573281634
15.04081632653061	0.018751575861355223
15.224489795918366	0.018930920153342218
15.408163265306122	0.01853214859834513
15.591836734693878	0.018839329274580995
15.775510204081634	0.0176147777097348
15.959183673469386	0.0171885709750826
16.142857142857142	0.01765185867135997
16.3265306122449	0.015700631139495335
16.510204081632654	0.015012998329028266
16.693877551020407	0.01632710390199843
16.877551020408163	0.016148120793998102
17.06122448979592	0.013876271395544437
17.244897959183675	0.012421901009047928
17.42857142857143	0.006100818441912513
17.612244897959183	0.002968503092503692
17.795918367346935	0.002886860012296526
17.979591836734695	0.009312795467784232
18.16326530612245	0.014973361769863854
18.346938775510203	0.01568517312142187
18.53061224489796	0.016999330068616335
18.714285714285715	0.016366380030908647
18.897959183673468	0.015366241818778489
19.081632653061224	0.01653814204649114
19.26530612244898	0.017243126228122692
19.448979591836736	0.014908479729861169
19.63265306122449	0.015747444503099273
19.816326530612244	0.016256099686337275
20.0	0.008438772167949984
