11.0	0.14521242439408116
11.183673469387754	0.27601006925408683
11.367346938775508	0.2929996260538001
11.551020408163266	0.30180112247514174
11.73469387755102	0.29184055803671194
11.918367346938775	0.2798014631018144
12.102040816326529	0.287172434209519
12.285714285714285	0.2859192795508032
12.46938775510204	0.2912596846093428
12.653061224489797	0.2884004490013964
12.836734693877553	0.28872511345914126
13.020408163265305	0.289146417306082
13.204081632653061	0.3072887835602095
13.387755102040817	0.2965135196227265
13.571428571428571	0.29761875977846275
13.755102040816327	0.2936158115079824
13.938775510204081	0.27873563367778154
14.122448979591837	0.2546891932776229
14.306122448979593	0.20642060658530267
14.489795918367346	0.12732106940351356
14.673469387755102	0.04547931850655733
14.857142857142858	0.009492542761629169
15.04081632653061	0.0009627021358809499
15.224489795918366	4.508578172135477e-5
15.408163265306122	0.00015262536472922144
15.591836734693878	3.463815515042218e-5
15.775510204081634	8.708758636701396e-5
15.959183673469386	0.00018963405873560378
16.142857142857142	0.00014049359492424344
16.3265306122449	9.779845812450826e-5
16.510204081632654	0.0001537835217684228
16.693877551020407	5.3858125133581894e-5
16.877551020408163	5.590947299914139e-5
17.06122448979592	6.355131346406402e-5
17.244897959183675	0.00014478771487412776
17.42857142857143	7.712898875204612e-5
17.612244897959183	0.00017901243645117543
17.795918367346935	0.00022011858520075168
17.979591836734695	0.00027574635786312493
18.16326530612245	0.00020374035508674242
18.346938775510203	0.00015380330785253794
18.53061224489796	0.00039706972317885903
18.714285714285715	0.0002316794340741353
18.897959183673468	0.00010719916204977704
19.081632653061224	2.877044166762646e-5
19.26530612244898	6.89820623690272e-5
19.448979591836736	5.815445231315954e-5
19.63265306122449	0.00014060487627295205
19.816326530612244	0.0001494888757561483
20.0	0.0001498943806954993
