11.0	0.17314756795366304
11.183673469387754	0.31972821942862234
11.367346938775508	0.3379737041819171
11.551020408163266	0.33309124520243993
11.73469387755102	0.3333943630243327
11.918367346938775	0.3255179943644267
12.102040816326529	0.340891958343264
12.285714285714285	0.3282969960863298
12.46938775510204	0.33676651714115124
12.653061224489797	0.3431998504271823
12.836734693877553	0.3261866272037405
13.020408163265305	0.2987111846277732
13.204081632653061	0.2536548241077376
13.387755102040817	0.18473601494102332
13.571428571428571	0.11490732027262912
13.755102040816327	0.06785681347312843
13.938775510204081	0.047467593836156216
14.122448979591837	0.04243982102065988
14.306122448979593	0.043358519816239054
14.489795918367346	0.04101692592717521
14.673469387755102	0.0413308757369975
14.857142857142858	0.04201085426257739
15.04081632653061	0.042005036607802256
15.224489795918366	0.04237386490233116
15.408163265306122	0.043083899907737644
15.591836734693878	0.043499393894006394
15.775510204081634	0.04155866542097234
15.959183673469386	0.041629584248113735
16.142857142857142	0.040217468650665084
16.3265306122449	0.038350684071171794
16.510204081632654	0.03569695015278136
16.693877551020407	0.03205049668089875
16.877551020408163	0.027742476025338324
17.06122448979592	0.019678534116593226
17.244897959183675	0.010392624241288926
17.42857142857143	0.004357388033525965
17.612244897959183	0.002774864577511173
17.795918367346935	0.004256898261700549
17.979591836734695	0.01587018062081787
18.16326530612245	0.025837795367810158
18.346938775510203	0.026531329282689267
18.53061224489796	0.02837901594940093
18.714285714285715	0.025967667376899012
18.897959183673468	0.025095049010445555
19.081632653061224	0.024840299178524084
19.26530612244898	0.024379082484804467
19.448979591836736	0.024308511562455115
19.63265306122449	0.02459654730831006
19.816326530612244	0.028299254436318002
20.0	0.014980149000266426
