11.0	0.10017754711825419
11.183673469387754	0.18556743032017697
11.367346938775508	0.1996581138179751
11.551020408163266	0.19989110044016375
11.73469387755102	0.19996219949307226
11.918367346938775	0.20217791319619455
12.102040816326529	0.20514791920850503
12.285714285714285	0.20292115388337165
12.46938775510204	0.19962370495644519
12.653061224489797	0.19994444580849804
12.836734693877553	0.19896695370201364
13.020408163265305	0.1921689450762561
13.204081632653061	0.18267420246368227
13.387755102040817	0.17950692331814563
13.571428571428571	0.17330068579336283
13.755102040816327	0.17430706376228383
13.938775510204081	0.17592756635926254
14.122448979591837	0.16977807347583523
14.306122448979593	0.17627058437046741
14.489795918367346	0.1785777357932119
14.673469387755102	0.17331318835240214
14.857142857142858	0.1709545017843657
15.04081632653061	0.17337359971012697
15.224489795918366	0.1757901332216384
15.408163265306122	0.17464906350660106
15.591836734693878	0.17137501487203216
15.775510204081634	0.16121362093973574
15.959183673469386	0.1430073473380738
16.142857142857142	0.12153319508026722
16.3265306122449	0.09345155898901311
16.510204081632654	0.057962448778399
16.693877551020407	0.02880694142787061
16.877551020408163	0.012780526630218699
17.06122448979592	0.0067708604799099105
17.244897959183675	0.005090787036858228
17.42857142857143	0.0045007968155196185
17.612244897959183	0.004449170484158779
17.795918367346935	0.004262177637790221
17.979591836734695	0.004211910837425116
18.16326530612245	0.004046595414794508
18.346938775510203	0.0037891541770377563
18.53061224489796	0.003865387505527528
18.714285714285715	0.003807171250052226
18.897959183673468	0.003953429809745103
19.081632653061224	0.004019982543620995
19.26530612244898	0.004178043284525726
19.448979591836736	0.0045492990714744354
19.63265306122449	0.004580469261166662
19.816326530612244	0.003880703722224302
20.0	0.001993679965482025
