11.0	0.11522188926139434
11.183673469387754	0.21617441458432413
11.367346938775508	0.2377850587582706
11.551020408163266	0.23559686594001172
11.73469387755102	0.22925156781697076
11.918367346938775	0.22500359615906584
12.102040816326529	0.23034541725016855
12.285714285714285	0.2278660717404721
12.46938775510204	0.22242792995241842
12.653061224489797	0.21779102664509475
12.836734693877553	0.21113765932130768
13.020408163265305	0.18956781990831734
13.204081632653061	0.17136820116452922
13.387755102040817	0.16593481364837825
13.571428571428571	0.1579529788301729
13.755102040816327	0.15060653199489835
13.938775510204081	0.15116630038835938
14.122448979591837	0.1551205673539021
14.306122448979593	0.15687559007567564
14.489795918367346	0.15682978956805374
14.673469387755102	0.1526594567382522
14.857142857142858	0.1526329661532525
15.04081632653061	0.15121342040587255
15.224489795918366	0.15015400111220387
15.408163265306122	0.15078817771009392
15.591836734693878	0.14973814243168998
15.775510204081634	0.147700070965037
15.959183673469386	0.14136546919060294
16.142857142857142	0.12484020582808482
16.3265306122449	0.09999797186010445
16.510204081632654	0.07152366045094385
16.693877551020407	0.042335747875754476
16.877551020408163	0.02155162394473755
17.06122448979592	0.009293542703772596
17.244897959183675	0.0035565589046441053
17.42857142857143	0.0020960732604829507
17.612244897959183	0.00201760753395224
17.795918367346935	0.0022408782236325274
17.979591836734695	0.002096707183324349
18.16326530612245	0.0018511787435269867
18.346938775510203	0.00192850801571354
18.53061224489796	0.0022343476194220547
18.714285714285715	0.0024565075368447845
18.897959183673468	0.002081195261274401
19.081632653061224	0.0020704285189973993
19.26530612244898	0.0020074540736317666
19.448979591836736	0.0017513262842211979
19.63265306122449	0.0021971592822957213
19.816326530612244	0.002431380381950408
20.0	0.0012079698308580574
