11.0	0.056767198004619185
11.183673469387754	0.09268191412222926
11.367346938775508	0.11118963270342462
11.551020408163266	0.11648879915425411
11.73469387755102	0.1170805396456647
11.918367346938775	0.11685716171998081
12.102040816326529	0.11727014036725511
12.285714285714285	0.11753848044154824
12.46938775510204	0.1178511262418814
12.653061224489797	0.11927263505731961
12.836734693877553	0.11992956909483983
13.020408163265305	0.1192538417465195
13.204081632653061	0.11819318051061938
13.387755102040817	0.11662832516632676
13.571428571428571	0.11581772268675389
13.755102040816327	0.1166721604917384
13.938775510204081	0.11752696980964725
14.122448979591837	0.11710292771768843
14.306122448979593	0.11645909754847927
14.489795918367346	0.11698846533873253
14.673469387755102	0.11853108802637659
14.857142857142858	0.11928466706564905
15.04081632653061	0.1188294076642209
15.224489795918366	0.11798027388122832
15.408163265306122	0.11611863932556368
15.591836734693878	0.113282461832852
15.775510204081634	0.11067668265698966
15.959183673469386	0.1087591985123357
16.142857142857142	0.10739833832588816
16.3265306122449	0.10624560099594388
16.510204081632654	0.10520016560882788
16.693877551020407	0.10428687959625352
16.877551020408163	0.1040794744190005
17.06122448979592	0.10453857920820948
17.244897959183675	0.10502043575147424
17.42857142857143	0.10496607689003407
17.612244897959183	0.10414110530031868
17.795918367346935	0.10401629807364789
17.979591836734695	0.1047860265728295
18.16326530612245	0.10498130073747469
18.346938775510203	0.10424207543201927
18.53061224489796	0.10303510442104355
18.714285714285715	0.1021777709942734
18.897959183673468	0.10237527708096013
19.081632653061224	0.10312962711490722
19.26530612244898	0.10326101495376416
19.448979591836736	0.1029333687691167
19.63265306122449	0.09936254600507297
19.816326530612244	0.08317408034199392
20.0	0.05057355495924923
