11.0	0.1584198859001918
11.183673469387754	0.2910164715610409
11.367346938775508	0.313439738781871
11.551020408163266	0.3144850963735145
11.73469387755102	0.30269832248608003
11.918367346938775	0.30415375898692093
12.102040816326529	0.3119400438746589
12.285714285714285	0.30546430382076567
12.46938775510204	0.30762723131910064
12.653061224489797	0.2999633381908055
12.836734693877553	0.282830954714201
13.020408163265305	0.2589453364756962
13.204081632653061	0.21493344865688374
13.387755102040817	0.162732403100537
13.571428571428571	0.11699144997653589
13.755102040816327	0.09414275564052726
13.938775510204081	0.08375301030906475
14.122448979591837	0.08023882628682401
14.306122448979593	0.08143684691482027
14.489795918367346	0.08278741859926525
14.673469387755102	0.08167799664263084
14.857142857142858	0.07980667275351658
15.04081632653061	0.08362503133717392
15.224489795918366	0.08348507497714447
15.408163265306122	0.08163318306229655
15.591836734693878	0.07934365764158369
15.775510204081634	0.07910622126417166
15.959183673469386	0.07715402912207864
16.142857142857142	0.0741583587687512
16.3265306122449	0.06871956526470423
16.510204081632654	0.05923107303163328
16.693877551020407	0.04738942704763151
16.877551020408163	0.031990604015543406
17.06122448979592	0.017767778560431602
17.244897959183675	0.007848888411283873
17.42857142857143	0.0036571260679269498
17.612244897959183	0.0033773523485846092
17.795918367346935	0.003814528283241858
17.979591836734695	0.006272134731862606
18.16326530612245	0.008087345561378426
18.346938775510203	0.007920894315146398
18.53061224489796	0.007934808937109399
18.714285714285715	0.008036025367134013
18.897959183673468	0.007821250293308815
19.081632653061224	0.007714944508870821
19.26530612244898	0.007397667680173316
19.448979591836736	0.007656728983951278
19.63265306122449	0.008062778778406313
19.816326530612244	0.007125195351374101
20.0	0.004172652578051558
