11.0	0.056302657668252654
11.183673469387754	0.08948116462799992
11.367346938775508	0.10469405419554506
11.551020408163266	0.10784282024856266
11.73469387755102	0.10786733918160031
11.918367346938775	0.1078093684248077
12.102040816326529	0.10922928179555563
12.285714285714285	0.11180986794494324
12.46938775510204	0.11316991525013421
12.653061224489797	0.11286061485334925
12.836734693877553	0.11147972625737076
13.020408163265305	0.10907994789177797
13.204081632653061	0.10718880067424186
13.387755102040817	0.10728470533534173
13.571428571428571	0.10938660034431408
13.755102040816327	0.11227780616450636
13.938775510204081	0.11325241520312893
14.122448979591837	0.11188752337342919
14.306122448979593	0.11061962413064978
14.489795918367346	0.11131440869171767
14.673469387755102	0.11270065509290644
14.857142857142858	0.11294145755118307
15.04081632653061	0.1126803696810525
15.224489795918366	0.11264670504869986
15.408163265306122	0.11206314401068566
15.591836734693878	0.11091286962395594
15.775510204081634	0.11033245957581567
15.959183673469386	0.11043810364205094
16.142857142857142	0.11033484463744259
16.3265306122449	0.10993576898366339
16.510204081632654	0.10963716216410671
16.693877551020407	0.10899738016983114
16.877551020408163	0.10811671334989777
17.06122448979592	0.10790970086476212
17.244897959183675	0.10892587461107792
17.42857142857143	0.11084139519481392
17.612244897959183	0.1122676003117132
17.795918367346935	0.1123376400477713
17.979591836734695	0.11170556872483714
18.16326530612245	0.11144273010585949
18.346938775510203	0.11242415217509578
18.53061224489796	0.1141329144917563
18.714285714285715	0.11511274954293232
18.897959183673468	0.11532077171606178
19.081632653061224	0.11491122744573812
19.26530612244898	0.11395226953796533
19.448979591836736	0.11256375556151417
19.63265306122449	0.10779662701552767
19.816326530612244	0.08967223832615909
20.0	0.054340869495472566
