11.0	0.125732021602547
11.183673469387754	0.23173339597502468
11.367346938775508	0.24614940636130234
11.551020408163266	0.2512422881170776
11.73469387755102	0.25815226276064085
11.918367346938775	0.25377740391854353
12.102040816326529	0.24468685841428453
12.285714285714285	0.2503226506741671
12.46938775510204	0.2582353050066971
12.653061224489797	0.2659855048830485
12.836734693877553	0.25013187596821596
13.020408163265305	0.24837294473450836
13.204081632653061	0.25705504323941347
13.387755102040817	0.25314980560382944
13.571428571428571	0.25089993177841496
13.755102040816327	0.24950925582404357
13.938775510204081	0.24918283505935504
14.122448979591837	0.2490334310588468
14.306122448979593	0.23717445999073658
14.489795918367346	0.22043220050188073
14.673469387755102	0.18248270628673424
14.857142857142858	0.1208144192345586
15.04081632653061	0.05723847406298487
15.224489795918366	0.023191461804394027
15.408163265306122	0.012140611575213234
15.591836734693878	0.008393247847074719
15.775510204081634	0.008200376794404496
15.959183673469386	0.008942878159667697
16.142857142857142	0.008497215496675772
16.3265306122449	0.007467118003516956
16.510204081632654	0.006278374198341138
16.693877551020407	0.006378161595351602
16.877551020408163	0.006709371285454874
17.06122448979592	0.007802731655644518
17.244897959183675	0.0071965830619659344
17.42857142857143	0.007444244015838153
17.612244897959183	0.007030303888700993
17.795918367346935	0.007691197158540415
17.979591836734695	0.008884667264417301
18.16326530612245	0.007679004141708667
18.346938775510203	0.008073700611168402
18.53061224489796	0.007887436748490363
18.714285714285715	0.006854158183702194
18.897959183673468	0.008025705925703666
19.081632653061224	0.007568178713243761
19.26530612244898	0.006225573338257046
19.448979591836736	0.006397124054405616
19.63265306122449	0.006424833571921635
19.816326530612244	0.007264674721062499
20.0	0.0035946369039757528
