11.0	0.06919573088561869
11.183673469387754	0.1141386091479697
11.367346938775508	0.1356826049827378
11.551020408163266	0.14128462376763629
11.73469387755102	0.14299492401264946
11.918367346938775	0.14221621992015235
12.102040816326529	0.14061697287577626
12.285714285714285	0.14152344429276525
12.46938775510204	0.14308672097484842
12.653061224489797	0.14193624233600444
12.836734693877553	0.1392117413818787
13.020408163265305	0.13800651865243918
13.204081632653061	0.13930819751309853
13.387755102040817	0.1409018509672091
13.571428571428571	0.14082675352568902
13.755102040816327	0.13997335810230666
13.938775510204081	0.1382042692166146
14.122448979591837	0.1355263340424235
14.306122448979593	0.13470693401947356
14.489795918367346	0.13676234813628912
14.673469387755102	0.13906963423563928
14.857142857142858	0.13905555339216805
15.04081632653061	0.13705883595607493
15.224489795918366	0.13398840746298193
15.408163265306122	0.12824276929796372
15.591836734693878	0.1188374019313434
15.775510204081634	0.10666119833992696
15.959183673469386	0.09482643246060414
16.142857142857142	0.08733679083686477
16.3265306122449	0.08406759319185535
16.510204081632654	0.08254848220388473
16.693877551020407	0.08167835423991743
16.877551020408163	0.08088981270671389
17.06122448979592	0.08026121019216975
17.244897959183675	0.0807968228386658
17.42857142857143	0.0818009168263105
17.612244897959183	0.08112278446387505
17.795918367346935	0.0789653956337891
17.979591836734695	0.07740539306414511
18.16326530612245	0.07703089593985554
18.346938775510203	0.07768372389047704
18.53061224489796	0.07912355821657867
18.714285714285715	0.07960873069475928
18.897959183673468	0.07889933421364592
19.081632653061224	0.07847197814329909
19.26530612244898	0.07874991422427761
19.448979591836736	0.07853330620143331
19.63265306122449	0.07534572854322952
19.816326530612244	0.06354123098443361
20.0	0.03903300896740289
