11.0	0.14641650617390206
11.183673469387754	0.2865917623380972
11.367346938775508	0.28272245749371394
11.551020408163266	0.27138997423954614
11.73469387755102	0.28049005768257196
11.918367346938775	0.2821533711179772
12.102040816326529	0.2875178129467141
12.285714285714285	0.2852814997127973
12.46938775510204	0.2858145564574617
12.653061224489797	0.282769587834655
12.836734693877553	0.2825218013442225
13.020408163265305	0.2797546575281981
13.204081632653061	0.2849721889268534
13.387755102040817	0.2744290320699117
13.571428571428571	0.2825134629986873
13.755102040816327	0.27485110248285993
13.938775510204081	0.2638353345119673
14.122448979591837	0.24365553018075733
14.306122448979593	0.22490819477044313
14.489795918367346	0.18167064235982655
14.673469387755102	0.1077869551118685
14.857142857142858	0.03429037265108522
15.04081632653061	0.006149046818457511
15.224489795918366	0.0004438132516462206
15.408163265306122	0.000262406238942087
15.591836734693878	0.00022669998352122845
15.775510204081634	0.00036549976299365104
15.959183673469386	8.428123151893601e-5
16.142857142857142	7.148439618474064e-5
16.3265306122449	0.00017802969786462564
16.510204081632654	0.0003383883681860147
16.693877551020407	0.00011158066833096101
16.877551020408163	0.00011991661499779621
17.06122448979592	0.00041267862402850246
17.244897959183675	0.00031981465134014146
17.42857142857143	0.00024302113699687132
17.612244897959183	0.0007315897259564705
17.795918367346935	0.0003077893070232771
17.979591836734695	0.00023492218854479318
18.16326530612245	0.0003012320722318458
18.346938775510203	0.0006263237138191437
18.53061224489796	0.0004428770878409445
18.714285714285715	0.00015381700858760558
18.897959183673468	0.0002758877319251979
19.081632653061224	0.000200668752068159
19.26530612244898	8.700554780503871e-5
19.448979591836736	0.00023607681785633338
19.63265306122449	9.72462917221176e-5
19.816326530612244	7.686276304325267e-5
20.0	0.00011269584766574943
