11.0	0.055903647917006714
11.183673469387754	0.09048742880444764
11.367346938775508	0.10658278931984165
11.551020408163266	0.10973489434702738
11.73469387755102	0.1108439604985738
11.918367346938775	0.11266167555681524
12.102040816326529	0.11380907052112907
12.285714285714285	0.11324332009948201
12.46938775510204	0.11083920540280062
12.653061224489797	0.10847120262926734
12.836734693877553	0.10818377922377465
13.020408163265305	0.10907066748196946
13.204081632653061	0.10959609075077256
13.387755102040817	0.10959043072982722
13.571428571428571	0.1099771101048758
13.755102040816327	0.11170416697548782
13.938775510204081	0.11343511299488168
14.122448979591837	0.11277105765143702
14.306122448979593	0.11032994406055877
14.489795918367346	0.10894276373658958
14.673469387755102	0.10938641524915457
14.857142857142858	0.11063653145928068
15.04081632653061	0.11155677209145057
15.224489795918366	0.1116017862906089
15.408163265306122	0.1107650363711846
15.591836734693878	0.10959833855445929
15.775510204081634	0.10980117816288719
15.959183673469386	0.11101835526794282
16.142857142857142	0.11198447416381163
16.3265306122449	0.11351353364529797
16.510204081632654	0.11591079121199492
16.693877551020407	0.11709409430515011
16.877551020408163	0.11531007944728235
17.06122448979592	0.11202804779725553
17.244897959183675	0.10951299136374777
17.42857142857143	0.10880459180110406
17.612244897959183	0.11001652736112744
17.795918367346935	0.11136449980481311
17.979591836734695	0.11106740671132954
18.16326530612245	0.10978178767220764
18.346938775510203	0.10966526948361024
18.53061224489796	0.11125155901569532
18.714285714285715	0.11215983184369274
18.897959183673468	0.11126691292065374
19.081632653061224	0.11027869688500172
19.26530612244898	0.11047076323695013
19.448979591836736	0.11031360855870295
19.63265306122449	0.10598581347540581
19.816326530612244	0.08897562801242549
20.0	0.054952225307428465
